pinch_hemi_15.out
Pinched hemisphere shell element test
NonLinearStatic nsteps 101 deltaT 0.01 rtolf 5.0e-5 rtold -1.0 maxiter 25 controlmode 1 nmodules 1 lstype 3 smtype 7 manrmsteps 1 initialguess 1
vtkxml tstep_step 10 dofman_all element_all primvars 2 1 15 vars 2 1 4
domain 3dDirShell 
OutputManager tstep_step 10 dofman_all element_all
ndofman 832 nelem 384 ncrosssect 1 nmat 1 nbc 1 nic 0 nltf 1 nset 8
node 1 coords 3 0.000000000000 9.510564800000 -3.090169910000 bc 7 1 0 0 0 0 0 0
node 2 coords 3 0.000000000000 0.000000000000 -10.000000000000 bc 7 1 1 0 0 0 0 0 load 1 2
node 3 coords 3 -10.000000000000 0.000000000000 0.000000000000 bc 7 0 0 1 0 0 0 0 load 1 5
node 4 coords 3 -3.090169910000 9.510564800000 0.000000000000 bc 7 0 0 1 0 0 0 0
node 5 coords 3 0.000000000000 0.000000000000 10.000000000000 bc 7 1 1 0 0 0 0 0 load 1 3
node 6 coords 3 0.000000000000 9.510564800000 3.090169910000 bc 7 1 0 0 0 0 0 0
node 7 coords 3 3.090169910000 9.510564800000 0.000000000000 bc 7 0 0 1 0 0 0 0
node 8 coords 3 10.000000000000 0.000000000000 0.000000000000 bc 7 0 0 1 0 0 0 0 load 1 4
node 9 coords 3 0.000000000000 8.660254480000 -5.000000000000 
node 10 coords 3 0.000000000000 7.431448460000 -6.691306110000 
node 11 coords 3 0.000000000000 5.877852440000 -8.090169910000 
node 12 coords 3 0.000000000000 4.067366600000 -9.135454180000 
node 13 coords 3 0.000000000000 2.079116820000 -9.781476020000 
node 14 coords 3 -1.950903180000 0.000000000000 -9.807852750000 
node 15 coords 3 -3.826834440000 0.000000000000 -9.238795280000 
node 16 coords 3 -5.555702210000 0.000000000000 -8.314696310000 
node 17 coords 3 -7.071067810000 0.000000000000 -7.071067810000 
node 18 coords 3 -8.314696310000 0.000000000000 -5.555702210000 
node 19 coords 3 -9.238795280000 0.000000000000 -3.826834440000 
node 20 coords 3 -9.807852750000 0.000000000000 -1.950903180000 
node 21 coords 3 -9.781476020000 2.079116820000 0.000000000000 
node 22 coords 3 -9.135454180000 4.067366600000 0.000000000000 
node 23 coords 3 -8.090169910000 5.877852440000 0.000000000000 
node 24 coords 3 -6.691306110000 7.431448460000 0.000000000000 
node 25 coords 3 -5.000000000000 8.660254480000 0.000000000000 
node 26 coords 3 -3.030793190000 9.510564800000 -0.602862239000 
node 27 coords 3 -2.854944710000 9.510564800000 -1.182556870000 
node 28 coords 3 -2.569382430000 9.510564800000 -1.716806410000 
node 29 coords 3 -2.185080050000 9.510564800000 -2.185080050000 
node 30 coords 3 -1.716806410000 9.510564800000 -2.569382430000 
node 31 coords 3 -1.182556870000 9.510564800000 -2.854944710000 
node 32 coords 3 -0.602862239000 9.510564800000 -3.030793190000 
node 33 coords 3 0.000000000000 2.079116820000 9.781476020000 
node 34 coords 3 0.000000000000 4.067366600000 9.135454180000 
node 35 coords 3 0.000000000000 5.877852440000 8.090169910000 
node 36 coords 3 0.000000000000 7.431448460000 6.691306110000 
node 37 coords 3 0.000000000000 8.660254480000 5.000000000000 
node 38 coords 3 -0.602862239000 9.510564800000 3.030793190000 
node 39 coords 3 -1.182556870000 9.510564800000 2.854944710000 
node 40 coords 3 -1.716806410000 9.510564800000 2.569382430000 
node 41 coords 3 -2.185080050000 9.510564800000 2.185080050000 
node 42 coords 3 -2.569382430000 9.510564800000 1.716806410000 
node 43 coords 3 -2.854944710000 9.510564800000 1.182556870000 
node 44 coords 3 -3.030793190000 9.510564800000 0.602862239000 
node 45 coords 3 -9.807852750000 0.000000000000 1.950903180000 
node 46 coords 3 -9.238795280000 0.000000000000 3.826834440000 
node 47 coords 3 -8.314696310000 0.000000000000 5.555702210000 
node 48 coords 3 -7.071067810000 0.000000000000 7.071067810000 
node 49 coords 3 -5.555702210000 0.000000000000 8.314696310000 
node 50 coords 3 -3.826834440000 0.000000000000 9.238795280000 
node 51 coords 3 -1.950903180000 0.000000000000 9.807852750000 
node 52 coords 3 0.602862239000 9.510564800000 -3.030793190000 
node 53 coords 3 1.182556870000 9.510564800000 -2.854944710000 
node 54 coords 3 1.716806410000 9.510564800000 -2.569382430000 
node 55 coords 3 2.185080050000 9.510564800000 -2.185080050000 
node 56 coords 3 2.569382430000 9.510564800000 -1.716806410000 
node 57 coords 3 2.854944710000 9.510564800000 -1.182556870000 
node 58 coords 3 3.030793190000 9.510564800000 -0.602862239000 
node 59 coords 3 5.000000000000 8.660254480000 0.000000000000 
node 60 coords 3 6.691306110000 7.431448460000 0.000000000000 
node 61 coords 3 8.090169910000 5.877852440000 0.000000000000 
node 62 coords 3 9.135454180000 4.067366600000 0.000000000000 
node 63 coords 3 9.781476020000 2.079116820000 0.000000000000 
node 64 coords 3 9.807852750000 0.000000000000 -1.950903180000 
node 65 coords 3 9.238795280000 0.000000000000 -3.826834440000 
node 66 coords 3 8.314696310000 0.000000000000 -5.555702210000 
node 67 coords 3 7.071067810000 0.000000000000 -7.071067810000 
node 68 coords 3 5.555702210000 0.000000000000 -8.314696310000 
node 69 coords 3 3.826834440000 0.000000000000 -9.238795280000 
node 70 coords 3 1.950903180000 0.000000000000 -9.807852750000 
node 71 coords 3 1.950903180000 0.000000000000 9.807852750000 
node 72 coords 3 3.826834440000 0.000000000000 9.238795280000 
node 73 coords 3 5.555702210000 0.000000000000 8.314696310000 
node 74 coords 3 7.071067810000 0.000000000000 7.071067810000 
node 75 coords 3 8.314696310000 0.000000000000 5.555702210000 
node 76 coords 3 9.238795280000 0.000000000000 3.826834440000 
node 77 coords 3 9.807852750000 0.000000000000 1.950903180000 
node 78 coords 3 3.030793190000 9.510564800000 0.602862239000 
node 79 coords 3 2.854944710000 9.510564800000 1.182556870000 
node 80 coords 3 2.569382430000 9.510564800000 1.716806410000 
node 81 coords 3 2.185080050000 9.510564800000 2.185080050000 
node 82 coords 3 1.716806410000 9.510564800000 2.569382430000 
node 83 coords 3 1.182556870000 9.510564800000 2.854944710000 
node 84 coords 3 0.602862239000 9.510564800000 3.030793190000 
node 85 coords 3 -0.926399767000 8.698658940000 -4.845112320000 
node 86 coords 3 -1.226849080000 7.507372860000 -6.491086010000 
node 87 coords 3 -1.491787430000 5.964895730000 -7.886354450000 
node 88 coords 3 -1.707671170000 4.130923270000 -8.945352550000 
node 89 coords 3 -1.862810490000 2.101614710000 -9.597559930000 
node 90 coords 3 -1.827268720000 8.729290960000 -4.523336890000 
node 91 coords 3 -2.432529210000 7.568604950000 -6.066219810000 
node 92 coords 3 -2.968746900000 6.035993100000 -7.399549010000 
node 93 coords 3 -3.399165630000 4.183137890000 -8.423006060000 
node 94 coords 3 -3.690532210000 2.119977710000 -9.049069400000 
node 95 coords 3 -2.668014760000 8.749025340000 -4.041813850000 
node 96 coords 3 -3.566074130000 7.608402250000 -5.421746250000 
node 97 coords 3 -4.362538340000 6.082641600000 -6.630967620000 
node 98 coords 3 -4.993381020000 4.217529300000 -7.568262100000 
node 99 coords 3 -5.399747850000 2.132002120000 -8.142314910000 
node 100 coords 3 -3.415795560000 8.755836490000 -3.415795560000 
node 101 coords 3 -4.577224730000 7.622206210000 -4.577224730000 
node 102 coords 3 -5.603720660000 6.098904130000 -5.603720660000 
node 103 coords 3 -6.407455440000 4.229542260000 -6.407455440000 
node 104 coords 3 -6.907846930000 2.136188270000 -6.907846930000 
node 105 coords 3 -4.041813850000 8.749025340000 -2.668014760000 
node 106 coords 3 -5.421746250000 7.608402250000 -3.566074130000 
node 107 coords 3 -6.630967620000 6.082641600000 -4.362538340000 
node 108 coords 3 -7.568262100000 4.217529300000 -4.993381020000 
node 109 coords 3 -8.142314910000 2.132002120000 -5.399747850000 
node 110 coords 3 -4.523336890000 8.729290960000 -1.827268720000 
node 111 coords 3 -6.066219810000 7.568604950000 -2.432529210000 
node 112 coords 3 -7.399549010000 6.035993100000 -2.968746900000 
node 113 coords 3 -8.423006060000 4.183137890000 -3.399165630000 
node 114 coords 3 -9.049069400000 2.119977710000 -3.690532210000 
node 115 coords 3 -4.845112320000 8.698658940000 -0.926399767000 
node 116 coords 3 -6.491086010000 7.507372860000 -1.226849080000 
node 117 coords 3 -7.886354450000 5.964895730000 -1.491787430000 
node 118 coords 3 -8.945352550000 4.130923270000 -1.707671170000 
node 119 coords 3 -9.597559930000 2.101614710000 -1.862810490000 
node 120 coords 3 -1.862810490000 2.101614710000 9.597559930000 
node 121 coords 3 -1.707671170000 4.130923270000 8.945352550000 
node 122 coords 3 -1.491787430000 5.964895730000 7.886354450000 
node 123 coords 3 -1.226849080000 7.507372860000 6.491086010000 
node 124 coords 3 -0.926399767000 8.698658940000 4.845112320000 
node 125 coords 3 -3.690532210000 2.119977710000 9.049069400000 
node 126 coords 3 -3.399165630000 4.183137890000 8.423006060000 
node 127 coords 3 -2.968746900000 6.035993100000 7.399549010000 
node 128 coords 3 -2.432529210000 7.568604950000 6.066219810000 
node 129 coords 3 -1.827268720000 8.729290960000 4.523336890000 
node 130 coords 3 -5.399747850000 2.132002120000 8.142314910000 
node 131 coords 3 -4.993381020000 4.217529300000 7.568262100000 
node 132 coords 3 -4.362538340000 6.082641600000 6.630967620000 
node 133 coords 3 -3.566074130000 7.608402250000 5.421746250000 
node 134 coords 3 -2.668014760000 8.749025340000 4.041813850000 
node 135 coords 3 -6.907846930000 2.136188270000 6.907846930000 
node 136 coords 3 -6.407455440000 4.229542260000 6.407455440000 
node 137 coords 3 -5.603720660000 6.098904130000 5.603720660000 
node 138 coords 3 -4.577224730000 7.622206210000 4.577224730000 
node 139 coords 3 -3.415795560000 8.755836490000 3.415795560000 
node 140 coords 3 -8.142314910000 2.132002120000 5.399747850000 
node 141 coords 3 -7.568262100000 4.217529300000 4.993381020000 
node 142 coords 3 -6.630967620000 6.082641600000 4.362538340000 
node 143 coords 3 -5.421746250000 7.608402250000 3.566074130000 
node 144 coords 3 -4.041813850000 8.749025340000 2.668014760000 
node 145 coords 3 -9.049069400000 2.119977710000 3.690532210000 
node 146 coords 3 -8.423006060000 4.183137890000 3.399165630000 
node 147 coords 3 -7.399549010000 6.035993100000 2.968746900000 
node 148 coords 3 -6.066219810000 7.568604950000 2.432529210000 
node 149 coords 3 -4.523336890000 8.729290960000 1.827268720000 
node 150 coords 3 -9.597559930000 2.101614710000 1.862810490000 
node 151 coords 3 -8.945352550000 4.130923270000 1.707671170000 
node 152 coords 3 -7.886354450000 5.964895730000 1.491787430000 
node 153 coords 3 -6.491086010000 7.507372860000 1.226849080000 
node 154 coords 3 -4.845112320000 8.698658940000 0.926399767000 
node 155 coords 3 1.862810490000 2.101614710000 -9.597559930000 
node 156 coords 3 1.707671170000 4.130923270000 -8.945352550000 
node 157 coords 3 1.491787430000 5.964895730000 -7.886354450000 
node 158 coords 3 1.226849080000 7.507372860000 -6.491086010000 
node 159 coords 3 0.926399767000 8.698658940000 -4.845112320000 
node 160 coords 3 3.690532210000 2.119977710000 -9.049069400000 
node 161 coords 3 3.399165630000 4.183137890000 -8.423006060000 
node 162 coords 3 2.968746900000 6.035993100000 -7.399549010000 
node 163 coords 3 2.432529210000 7.568604950000 -6.066219810000 
node 164 coords 3 1.827268720000 8.729290960000 -4.523336890000 
node 165 coords 3 5.399747850000 2.132002120000 -8.142314910000 
node 166 coords 3 4.993381020000 4.217529300000 -7.568262100000 
node 167 coords 3 4.362538340000 6.082641600000 -6.630967620000 
node 168 coords 3 3.566074130000 7.608402250000 -5.421746250000 
node 169 coords 3 2.668014760000 8.749025340000 -4.041813850000 
node 170 coords 3 6.907846930000 2.136188270000 -6.907846930000 
node 171 coords 3 6.407455440000 4.229542260000 -6.407455440000 
node 172 coords 3 5.603720660000 6.098904130000 -5.603720660000 
node 173 coords 3 4.577224730000 7.622206210000 -4.577224730000 
node 174 coords 3 3.415795560000 8.755836490000 -3.415795560000 
node 175 coords 3 8.142314910000 2.132002120000 -5.399747850000 
node 176 coords 3 7.568262100000 4.217529300000 -4.993381020000 
node 177 coords 3 6.630967620000 6.082641600000 -4.362538340000 
node 178 coords 3 5.421746250000 7.608402250000 -3.566074130000 
node 179 coords 3 4.041813850000 8.749025340000 -2.668014760000 
node 180 coords 3 9.049069400000 2.119977710000 -3.690532210000 
node 181 coords 3 8.423006060000 4.183137890000 -3.399165630000 
node 182 coords 3 7.399549010000 6.035993100000 -2.968746900000 
node 183 coords 3 6.066219810000 7.568604950000 -2.432529210000 
node 184 coords 3 4.523336890000 8.729290960000 -1.827268720000 
node 185 coords 3 9.597559930000 2.101614710000 -1.862810490000 
node 186 coords 3 8.945352550000 4.130923270000 -1.707671170000 
node 187 coords 3 7.886354450000 5.964895730000 -1.491787430000 
node 188 coords 3 6.491086010000 7.507372860000 -1.226849080000 
node 189 coords 3 4.845112320000 8.698658940000 -0.926399767000 
node 190 coords 3 0.926399767000 8.698658940000 4.845112320000 
node 191 coords 3 1.226849080000 7.507372860000 6.491086010000 
node 192 coords 3 1.491787430000 5.964895730000 7.886354450000 
node 193 coords 3 1.707671170000 4.130923270000 8.945352550000 
node 194 coords 3 1.862810490000 2.101614710000 9.597559930000 
node 195 coords 3 1.827268720000 8.729290960000 4.523336890000 
node 196 coords 3 2.432529210000 7.568604950000 6.066219810000 
node 197 coords 3 2.968746900000 6.035993100000 7.399549010000 
node 198 coords 3 3.399165630000 4.183137890000 8.423006060000 
node 199 coords 3 3.690532210000 2.119977710000 9.049069400000 
node 200 coords 3 2.668014760000 8.749025340000 4.041813850000 
node 201 coords 3 3.566074130000 7.608402250000 5.421746250000 
node 202 coords 3 4.362538340000 6.082641600000 6.630967620000 
node 203 coords 3 4.993381020000 4.217529300000 7.568262100000 
node 204 coords 3 5.399747850000 2.132002120000 8.142314910000 
node 205 coords 3 3.415795560000 8.755836490000 3.415795560000 
node 206 coords 3 4.577224730000 7.622206210000 4.577224730000 
node 207 coords 3 5.603720660000 6.098904130000 5.603720660000 
node 208 coords 3 6.407455440000 4.229542260000 6.407455440000 
node 209 coords 3 6.907846930000 2.136188270000 6.907846930000 
node 210 coords 3 4.041813850000 8.749025340000 2.668014760000 
node 211 coords 3 5.421746250000 7.608402250000 3.566074130000 
node 212 coords 3 6.630967620000 6.082641600000 4.362538340000 
node 213 coords 3 7.568262100000 4.217529300000 4.993381020000 
node 214 coords 3 8.142314910000 2.132002120000 5.399747850000 
node 215 coords 3 4.523336890000 8.729290960000 1.827268720000 
node 216 coords 3 6.066219810000 7.568604950000 2.432529210000 
node 217 coords 3 7.399549010000 6.035993100000 2.968746900000 
node 218 coords 3 8.423006060000 4.183137890000 3.399165630000 
node 219 coords 3 9.049069400000 2.119977710000 3.690532210000 
node 220 coords 3 4.845112320000 8.698658940000 0.926399767000 
node 221 coords 3 6.491086010000 7.507372860000 1.226849080000 
node 222 coords 3 7.886354450000 5.964895730000 1.491787430000 
node 223 coords 3 8.945352550000 4.130923270000 1.707671170000 
node 224 coords 3 9.597559930000 2.101614710000 1.862810490000 
node 225 coords 3 0.000000000000 9.135454180000 -4.067366120000 
node 226 coords 3 -0.303319186000 9.142317770000 -4.040547850000 
node 227 coords 3 -0.302889615000 9.510564800000 -3.075289960000 
node 228 coords 3 -0.463712394000 8.689060210000 -4.928002360000 
node 229 coords 3 -0.768537045000 9.151122090000 -3.958069320000 
node 230 coords 3 0.000000000000 8.090169910000 -5.877852440000 
node 231 coords 3 -0.466637939000 8.124916080000 -5.811023240000 
node 232 coords 3 -0.614617288000 7.483934400000 -6.604012010000 
node 233 coords 3 -1.082347040000 8.146086690000 -5.698227410000 
node 234 coords 3 0.000000000000 6.691306110000 -7.431448460000 
node 235 coords 3 -0.618641257000 6.749527930000 -7.352629180000 
node 236 coords 3 -0.748023510000 5.938282010000 -8.011071210000 
node 237 coords 3 -1.366850140000 6.773458960000 -7.228552340000 
node 238 coords 3 0.000000000000 5.000000000000 -8.660253520000 
node 239 coords 3 -0.752877355000 5.063096050000 -8.590589520000 
node 240 coords 3 -0.857008457000 4.114377500000 -9.073997500000 
node 241 coords 3 -1.608868600000 5.076748370000 -8.463932990000 
node 242 coords 3 0.000000000000 3.090170150000 -9.510564800000 
node 243 coords 3 -0.862311840000 3.135844470000 -9.456368450000 
node 244 coords 3 -0.935512245000 2.099583390000 -9.732243540000 
node 245 coords 3 -1.795521740000 3.134215120000 -9.324848180000 
node 246 coords 3 0.000000000000 1.045284630000 -9.945219040000 
node 247 coords 3 -0.940919876000 1.061541800000 -9.898879050000 
node 248 coords 3 -0.980171382000 0.000000000000 -9.951847080000 
node 249 coords 3 -1.917598490000 1.056726810000 -9.757363320000 
node 250 coords 3 -1.060709120000 9.158411030000 -3.872777940000 
node 251 coords 3 -0.897028983000 9.510564800000 -2.957108260000 
node 252 coords 3 -1.378413560000 8.723970410000 -4.689597610000 
node 253 coords 3 -1.512130740000 9.163669590000 -3.706834790000 
node 254 coords 3 -1.538106680000 8.177065850000 -5.547054770000 
node 255 coords 3 -1.833446740000 7.553469660000 -6.291547780000 
node 256 coords 3 -2.140883210000 8.190973280000 -5.322084430000 
node 257 coords 3 -1.978976370000 6.824749470000 -7.036081790000 
node 258 coords 3 -2.237054110000 6.018704410000 -7.666210650000 
node 259 coords 3 -2.715663910000 6.840146060000 -6.770345210000 
node 260 coords 3 -2.360771180000 5.132509710000 -8.251309390000 
node 261 coords 3 -2.563489440000 4.173426630000 -8.718430520000 
node 262 coords 3 -3.202689650000 5.139629360000 -7.957825660000 
node 263 coords 3 -2.657945870000 3.174574140000 -9.102603910000 
node 264 coords 3 -2.789398430000 2.120471000000 -9.366047860000 
node 265 coords 3 -3.566011190000 3.170372250000 -8.788190840000 
node 266 coords 3 -2.849705700000 1.070882080000 -9.525355340000 
node 267 coords 3 -2.902846810000 0.000000000000 -9.569403650000 
node 268 coords 3 -3.780239580000 1.066067930000 -9.196373940000 
node 269 coords 3 -1.781956080000 9.170974730000 -3.566209550000 
node 270 coords 3 -1.456696030000 9.510564800000 -2.725286480000 
node 271 coords 3 -2.250284670000 8.749434470000 -4.287611480000 
node 272 coords 3 -2.202490090000 9.171769140000 -3.320795770000 
node 273 coords 3 -2.568140980000 8.215982440000 -5.089429380000 
node 274 coords 3 -3.005702500000 7.604698180000 -5.756241320000 
node 275 coords 3 -3.132793900000 8.220038410000 -4.755688190000 
node 276 coords 3 -3.295295480000 6.880420210000 -6.465357300000 
node 277 coords 3 -3.677316190000 6.078613760000 -7.037599090000 
node 278 coords 3 -3.986415150000 6.883698940000 -6.059965610000 
node 279 coords 3 -3.918990850000 5.183332920000 -7.600958350000 
node 280 coords 3 -4.213549140000 4.217626090000 -8.028551100000 
node 281 coords 3 -4.706015110000 5.180972580000 -7.142194750000 
node 282 coords 3 -4.387661460000 3.202108860000 -8.396125790000 
node 283 coords 3 -4.566560750000 2.136009450000 -8.636201860000 
node 284 coords 3 -5.228319170000 3.194165470000 -7.903289320000 
node 285 coords 3 -4.661446570000 1.077128290000 -8.781270980000 
node 286 coords 3 -4.713967320000 0.000000000000 -8.819212910000 
node 287 coords 3 -5.509492400000 1.072183130000 -8.276226040000 
node 288 coords 3 -2.439574960000 9.178810120000 -3.130162240000 
node 289 coords 3 -1.960383060000 9.510564800000 -2.388733630000 
node 290 coords 3 -3.045528170000 8.762855530000 -3.733245610000 
node 291 coords 3 -2.813122030000 9.174567220000 -2.813122030000 
node 292 coords 3 -3.514575480000 8.237528800000 -4.448694710000 
node 293 coords 3 -4.080513000000 7.631881710000 -5.010368820000 
node 294 coords 3 -4.016557690000 8.230098720000 -4.016557690000 
node 295 coords 3 -4.507416730000 6.909965990000 -5.651155950000 
node 296 coords 3 -4.999379160000 6.110634330000 -6.137292390000 
node 297 coords 3 -5.118883610000 6.898845200000 -5.118883610000 
node 298 coords 3 -5.350785260000 5.209067820000 -6.650918010000 
node 299 coords 3 -5.724420070000 4.241318700000 -7.017281060000 
node 300 coords 3 -6.041845800000 5.195401670000 -6.041845800000 
node 301 coords 3 -5.966772560000 3.214807990000 -7.352729800000 
node 302 coords 3 -6.183224680000 2.144300460000 -7.561065670000 
node 303 coords 3 -6.698663230000 3.202471970000 -6.698663230000 
node 304 coords 3 -6.298022270000 1.079448700000 -7.692184930000 
node 305 coords 3 -6.343932630000 0.000000000000 -7.730104450000 
node 306 coords 3 -7.030144210000 1.074311730000 -7.030144210000 
node 307 coords 3 -3.008320810000 9.181213380000 -2.579791780000 
node 308 coords 3 -2.388733630000 9.510564800000 -1.960383060000 
node 309 coords 3 -3.733245610000 8.762855530000 -3.045528170000 
node 310 coords 3 -3.320795770000 9.171769140000 -2.202490090000 
node 311 coords 3 -4.337815280000 8.239361760000 -3.646405460000 
node 312 coords 3 -5.010368820000 7.631881710000 -4.080513000000 
node 313 coords 3 -4.755688190000 8.220038410000 -3.132793900000 
node 314 coords 3 -5.557821270000 6.909708020000 -4.622396950000 
node 315 coords 3 -6.137292390000 6.110634330000 -4.999379160000 
node 316 coords 3 -6.059965610000 6.883698940000 -3.986415150000 
node 317 coords 3 -6.582591530000 5.206219200000 -5.437349800000 
node 318 coords 3 -7.017281060000 4.241318700000 -5.724420070000 
node 319 coords 3 -7.142194750000 5.180972580000 -4.706015110000 
node 320 coords 3 -7.315583230000 3.210887190000 -6.014352800000 
node 321 coords 3 -7.561065670000 2.144300460000 -6.183224680000 
node 322 coords 3 -7.903289320000 3.194165470000 -5.228319170000 
node 323 coords 3 -7.688689230000 1.077492240000 -6.302623750000 
node 324 coords 3 -7.730104450000 0.000000000000 -6.343932630000 
node 325 coords 3 -8.276226040000 1.072183130000 -5.509492400000 
node 326 coords 3 -3.466605900000 9.178051950000 -1.935462120000 
node 327 coords 3 -2.725286480000 9.510564800000 -1.456696030000 
node 328 coords 3 -4.287611480000 8.749434470000 -2.250284670000 
node 329 coords 3 -3.706834790000 9.163669590000 -1.512130740000 
node 330 coords 3 -5.004465580000 8.221290590000 -2.713984250000 
node 331 coords 3 -5.756241320000 7.604698180000 -3.005702500000 
node 332 coords 3 -5.322084430000 8.190973280000 -2.140883210000 
node 333 coords 3 -6.398796560000 6.879598620000 -3.424400810000 
node 334 coords 3 -7.037599090000 6.078613760000 -3.677316190000 
node 335 coords 3 -6.770345210000 6.840146060000 -2.715663910000 
node 336 coords 3 -7.554438590000 5.175078870000 -4.018583770000 
node 337 coords 3 -8.028551100000 4.217626090000 -4.213549140000 
node 338 coords 3 -7.957825660000 5.139629360000 -3.202689650000 
node 339 coords 3 -8.369828220000 3.190800670000 -4.445757390000 
node 340 coords 3 -8.636201860000 2.136009450000 -4.566560750000 
node 341 coords 3 -8.788190840000 3.170372250000 -3.566011190000 
node 342 coords 3 -8.775764470000 1.071451070000 -4.673109530000 
node 343 coords 3 -8.819212910000 0.000000000000 -4.713967320000 
node 344 coords 3 -9.196373940000 1.066067930000 -3.780239580000 
node 345 coords 3 -3.797710420000 9.169777870000 -1.221706990000 
node 346 coords 3 -2.957108260000 9.510564800000 -0.897028983000 
node 347 coords 3 -4.689597610000 8.723970410000 -1.378413560000 
node 348 coords 3 -3.958069320000 9.151122090000 -0.768537045000 
node 349 coords 3 -5.490341190000 8.185327530000 -1.690138820000 
node 350 coords 3 -6.291547780000 7.553469660000 -1.833446740000 
node 351 coords 3 -5.698227410000 8.146086690000 -1.082347040000 
node 352 coords 3 -6.998218060000 6.823261260000 -2.113776210000 
node 353 coords 3 -7.666210650000 6.018704410000 -2.237054110000 
node 354 coords 3 -7.228552340000 6.773458960000 -1.366850140000 
node 355 coords 3 -8.228038790000 5.119661810000 -2.467475890000 
node 356 coords 3 -8.718430520000 4.173426630000 -2.563489440000 
node 357 coords 3 -8.463932990000 5.076748370000 -1.608868600000 
node 358 coords 3 -9.088397980000 3.157127140000 -2.726457120000 
node 359 coords 3 -9.366047860000 2.120471000000 -2.789398430000 
node 360 coords 3 -9.324848180000 3.134215120000 -1.795521740000 
node 361 coords 3 -9.518689160000 1.062021610000 -2.875182390000 
node 362 coords 3 -9.569403650000 0.000000000000 -2.902846810000 
node 363 coords 3 -9.757363320000 1.056726810000 -1.917598490000 
node 364 coords 3 -3.990639690000 9.157387730000 -0.465884835000 
node 365 coords 3 -3.075289960000 9.510564800000 -0.302889615000 
node 366 coords 3 -4.928002360000 8.689060210000 -0.463712394000 
node 367 coords 3 -4.067366120000 9.135454180000 0.000000000000 
node 368 coords 3 -5.782214640000 8.135409360000 -0.617339790000 
node 369 coords 3 -6.604012010000 7.483934400000 -0.614617288000 
node 370 coords 3 -5.877852440000 8.090169910000 0.000000000000 
node 371 coords 3 -7.342296600000 6.747305390000 -0.751365125000 
node 372 coords 3 -8.011071210000 5.938282010000 -0.748023510000 
node 373 coords 3 -7.431448460000 6.691306110000 0.000000000000 
node 374 coords 3 -8.589998250000 5.046828750000 -0.861076713000 
node 375 coords 3 -9.073997500000 4.114377500000 -0.857008457000 
node 376 coords 3 -8.660253520000 5.000000000000 0.000000000000 
node 377 coords 3 -9.456148150000 3.114010810000 -0.940319180000 
node 378 coords 3 -9.732243540000 2.099583390000 -0.935512245000 
node 379 coords 3 -9.510564800000 3.090170150000 0.000000000000 
node 380 coords 3 -9.895739560000 1.050286050000 -0.985517621000 
node 381 coords 3 -9.951847080000 0.000000000000 -0.980171382000 
node 382 coords 3 -9.945219040000 1.045284630000 0.000000000000 
node 383 coords 3 0.000000000000 1.045284630000 9.945219040000 
node 384 coords 3 -0.985517621000 1.050286050000 9.895739560000 
node 385 coords 3 -0.980171382000 0.000000000000 9.951847080000 
node 386 coords 3 -0.935512245000 2.099583390000 9.732243540000 
node 387 coords 3 -1.917598490000 1.056726810000 9.757363320000 
node 388 coords 3 0.000000000000 3.090170150000 9.510564800000 
node 389 coords 3 -0.940319180000 3.114010810000 9.456148150000 
node 390 coords 3 -0.857008457000 4.114377500000 9.073997500000 
node 391 coords 3 -1.795521740000 3.134215120000 9.324848180000 
node 392 coords 3 0.000000000000 5.000000000000 8.660253520000 
node 393 coords 3 -0.861076713000 5.046828750000 8.589998250000 
node 394 coords 3 -0.748023510000 5.938282010000 8.011071210000 
node 395 coords 3 -1.608868600000 5.076748370000 8.463932990000 
node 396 coords 3 0.000000000000 6.691306110000 7.431448460000 
node 397 coords 3 -0.751365125000 6.747305390000 7.342296600000 
node 398 coords 3 -0.614617288000 7.483934400000 6.604012010000 
node 399 coords 3 -1.366850140000 6.773458960000 7.228552340000 
node 400 coords 3 0.000000000000 8.090169910000 5.877852440000 
node 401 coords 3 -0.617339790000 8.135409360000 5.782214640000 
node 402 coords 3 -0.463712394000 8.689060210000 4.928002360000 
node 403 coords 3 -1.082347040000 8.146086690000 5.698227410000 
node 404 coords 3 0.000000000000 9.135454180000 4.067366120000 
node 405 coords 3 -0.465884835000 9.157387730000 3.990639690000 
node 406 coords 3 -0.302889615000 9.510564800000 3.075289960000 
node 407 coords 3 -0.768537045000 9.151122090000 3.958069320000 
node 408 coords 3 -2.875182390000 1.062021610000 9.518689160000 
node 409 coords 3 -2.902846810000 0.000000000000 9.569403650000 
node 410 coords 3 -2.789398430000 2.120471000000 9.366047860000 
node 411 coords 3 -3.780239580000 1.066067930000 9.196373940000 
node 412 coords 3 -2.726457120000 3.157127140000 9.088397980000 
node 413 coords 3 -2.563489440000 4.173426630000 8.718430520000 
node 414 coords 3 -3.566011190000 3.170372250000 8.788190840000 
node 415 coords 3 -2.467475890000 5.119661810000 8.228038790000 
node 416 coords 3 -2.237054110000 6.018704410000 7.666210650000 
node 417 coords 3 -3.202689650000 5.139629360000 7.957825660000 
node 418 coords 3 -2.113776210000 6.823261260000 6.998218060000 
node 419 coords 3 -1.833446740000 7.553469660000 6.291547780000 
node 420 coords 3 -2.715663910000 6.840146060000 6.770345210000 
node 421 coords 3 -1.690138820000 8.185327530000 5.490341190000 
node 422 coords 3 -1.378413560000 8.723970410000 4.689597610000 
node 423 coords 3 -2.140883210000 8.190973280000 5.322084430000 
node 424 coords 3 -1.221706990000 9.169777870000 3.797710420000 
node 425 coords 3 -0.897028983000 9.510564800000 2.957108260000 
node 426 coords 3 -1.512130740000 9.163669590000 3.706834790000 
node 427 coords 3 -4.673109530000 1.071451070000 8.775764470000 
node 428 coords 3 -4.713967320000 0.000000000000 8.819212910000 
node 429 coords 3 -4.566560750000 2.136009450000 8.636201860000 
node 430 coords 3 -5.509492400000 1.072183130000 8.276226040000 
node 431 coords 3 -4.445757390000 3.190800670000 8.369828220000 
node 432 coords 3 -4.213549140000 4.217626090000 8.028551100000 
node 433 coords 3 -5.228319170000 3.194165470000 7.903289320000 
node 434 coords 3 -4.018583770000 5.175078870000 7.554438590000 
node 435 coords 3 -3.677316190000 6.078613760000 7.037599090000 
node 436 coords 3 -4.706015110000 5.180972580000 7.142194750000 
node 437 coords 3 -3.424400810000 6.879598620000 6.398796560000 
node 438 coords 3 -3.005702500000 7.604698180000 5.756241320000 
node 439 coords 3 -3.986415150000 6.883698940000 6.059965610000 
node 440 coords 3 -2.713984250000 8.221290590000 5.004465580000 
node 441 coords 3 -2.250284670000 8.749434470000 4.287611480000 
node 442 coords 3 -3.132793900000 8.220038410000 4.755688190000 
node 443 coords 3 -1.935462120000 9.178051950000 3.466605900000 
node 444 coords 3 -1.456696030000 9.510564800000 2.725286480000 
node 445 coords 3 -2.202490090000 9.171769140000 3.320795770000 
node 446 coords 3 -6.302623750000 1.077492240000 7.688689230000 
node 447 coords 3 -6.343932630000 0.000000000000 7.730104450000 
node 448 coords 3 -6.183224680000 2.144300460000 7.561065670000 
node 449 coords 3 -7.030144210000 1.074311730000 7.030144210000 
node 450 coords 3 -6.014352800000 3.210887190000 7.315583230000 
node 451 coords 3 -5.724420070000 4.241318700000 7.017281060000 
node 452 coords 3 -6.698663230000 3.202471970000 6.698663230000 
node 453 coords 3 -5.437349800000 5.206219200000 6.582591530000 
node 454 coords 3 -4.999379160000 6.110634330000 6.137292390000 
node 455 coords 3 -6.041845800000 5.195401670000 6.041845800000 
node 456 coords 3 -4.622396950000 6.909708020000 5.557821270000 
node 457 coords 3 -4.080513000000 7.631881710000 5.010368820000 
node 458 coords 3 -5.118883610000 6.898845200000 5.118883610000 
node 459 coords 3 -3.646405460000 8.239361760000 4.337815280000 
node 460 coords 3 -3.045528170000 8.762855530000 3.733245610000 
node 461 coords 3 -4.016557690000 8.230098720000 4.016557690000 
node 462 coords 3 -2.579791780000 9.181213380000 3.008320810000 
node 463 coords 3 -1.960383060000 9.510564800000 2.388733630000 
node 464 coords 3 -2.813122030000 9.174567220000 2.813122030000 
node 465 coords 3 -7.692184930000 1.079448700000 6.298022270000 
node 466 coords 3 -7.730104450000 0.000000000000 6.343932630000 
node 467 coords 3 -7.561065670000 2.144300460000 6.183224680000 
node 468 coords 3 -8.276226040000 1.072183130000 5.509492400000 
node 469 coords 3 -7.352729800000 3.214807990000 5.966772560000 
node 470 coords 3 -7.017281060000 4.241318700000 5.724420070000 
node 471 coords 3 -7.903289320000 3.194165470000 5.228319170000 
node 472 coords 3 -6.650918010000 5.209067820000 5.350785260000 
node 473 coords 3 -6.137292390000 6.110634330000 4.999379160000 
node 474 coords 3 -7.142194750000 5.180972580000 4.706015110000 
node 475 coords 3 -5.651155950000 6.909965990000 4.507416730000 
node 476 coords 3 -5.010368820000 7.631881710000 4.080513000000 
node 477 coords 3 -6.059965610000 6.883698940000 3.986415150000 
node 478 coords 3 -4.448694710000 8.237528800000 3.514575480000 
node 479 coords 3 -3.733245610000 8.762855530000 3.045528170000 
node 480 coords 3 -4.755688190000 8.220038410000 3.132793900000 
node 481 coords 3 -3.130162240000 9.178810120000 2.439574960000 
node 482 coords 3 -2.388733630000 9.510564800000 1.960383060000 
node 483 coords 3 -3.320795770000 9.171769140000 2.202490090000 
node 484 coords 3 -8.781270980000 1.077128290000 4.661446570000 
node 485 coords 3 -8.819212910000 0.000000000000 4.713967320000 
node 486 coords 3 -8.636201860000 2.136009450000 4.566560750000 
node 487 coords 3 -9.196373940000 1.066067930000 3.780239580000 
node 488 coords 3 -8.396125790000 3.202108860000 4.387661460000 
node 489 coords 3 -8.028551100000 4.217626090000 4.213549140000 
node 490 coords 3 -8.788190840000 3.170372250000 3.566011190000 
node 491 coords 3 -7.600958350000 5.183332920000 3.918990850000 
node 492 coords 3 -7.037599090000 6.078613760000 3.677316190000 
node 493 coords 3 -7.957825660000 5.139629360000 3.202689650000 
node 494 coords 3 -6.465357300000 6.880420210000 3.295295480000 
node 495 coords 3 -5.756241320000 7.604698180000 3.005702500000 
node 496 coords 3 -6.770345210000 6.840146060000 2.715663910000 
node 497 coords 3 -5.089429380000 8.215982440000 2.568140980000 
node 498 coords 3 -4.287611480000 8.749434470000 2.250284670000 
node 499 coords 3 -5.322084430000 8.190973280000 2.140883210000 
node 500 coords 3 -3.566209550000 9.170974730000 1.781956080000 
node 501 coords 3 -2.725286480000 9.510564800000 1.456696030000 
node 502 coords 3 -3.706834790000 9.163669590000 1.512130740000 
node 503 coords 3 -9.525355340000 1.070882080000 2.849705700000 
node 504 coords 3 -9.569403650000 0.000000000000 2.902846810000 
node 505 coords 3 -9.366047860000 2.120471000000 2.789398430000 
node 506 coords 3 -9.757363320000 1.056726810000 1.917598490000 
node 507 coords 3 -9.102603910000 3.174574140000 2.657945870000 
node 508 coords 3 -8.718430520000 4.173426630000 2.563489440000 
node 509 coords 3 -9.324848180000 3.134215120000 1.795521740000 
node 510 coords 3 -8.251309390000 5.132509710000 2.360771180000 
node 511 coords 3 -7.666210650000 6.018704410000 2.237054110000 
node 512 coords 3 -8.463932990000 5.076748370000 1.608868600000 
node 513 coords 3 -7.036081790000 6.824749470000 1.978976370000 
node 514 coords 3 -6.291547780000 7.553469660000 1.833446740000 
node 515 coords 3 -7.228552340000 6.773458960000 1.366850140000 
node 516 coords 3 -5.547054770000 8.177065850000 1.538106680000 
node 517 coords 3 -4.689597610000 8.723970410000 1.378413560000 
node 518 coords 3 -5.698227410000 8.146086690000 1.082347040000 
node 519 coords 3 -3.872777940000 9.158411030000 1.060709120000 
node 520 coords 3 -2.957108260000 9.510564800000 0.897028983000 
node 521 coords 3 -3.958069320000 9.151122090000 0.768537045000 
node 522 coords 3 -9.898879050000 1.061541800000 0.940919876000 
node 523 coords 3 -9.951847080000 0.000000000000 0.980171382000 
node 524 coords 3 -9.732243540000 2.099583390000 0.935512245000 
node 525 coords 3 -9.456368450000 3.135844470000 0.862311840000 
node 526 coords 3 -9.073997500000 4.114377500000 0.857008457000 
node 527 coords 3 -8.590589520000 5.063096050000 0.752877355000 
node 528 coords 3 -8.011071210000 5.938282010000 0.748023510000 
node 529 coords 3 -7.352629180000 6.749527930000 0.618641257000 
node 530 coords 3 -6.604012010000 7.483934400000 0.614617288000 
node 531 coords 3 -5.811023240000 8.124916080000 0.466637939000 
node 532 coords 3 -4.928002360000 8.689060210000 0.463712394000 
node 533 coords 3 -4.040547850000 9.142317770000 0.303319186000 
node 534 coords 3 -3.075289960000 9.510564800000 0.302889615000 
node 535 coords 3 0.985517621000 1.050286050000 -9.895739560000 
node 536 coords 3 0.980171382000 0.000000000000 -9.951847080000 
node 537 coords 3 0.935512245000 2.099583390000 -9.732243540000 
node 538 coords 3 1.917598490000 1.056726810000 -9.757363320000 
node 539 coords 3 0.940319180000 3.114010810000 -9.456148150000 
node 540 coords 3 0.857008457000 4.114377500000 -9.073997500000 
node 541 coords 3 1.795521740000 3.134215120000 -9.324848180000 
node 542 coords 3 0.861076713000 5.046828750000 -8.589998250000 
node 543 coords 3 0.748023510000 5.938282010000 -8.011071210000 
node 544 coords 3 1.608868600000 5.076748370000 -8.463932990000 
node 545 coords 3 0.751365125000 6.747305390000 -7.342296600000 
node 546 coords 3 0.614617288000 7.483934400000 -6.604012010000 
node 547 coords 3 1.366850140000 6.773458960000 -7.228552340000 
node 548 coords 3 0.617339790000 8.135409360000 -5.782214640000 
node 549 coords 3 0.463712394000 8.689060210000 -4.928002360000 
node 550 coords 3 1.082347040000 8.146086690000 -5.698227410000 
node 551 coords 3 0.465884835000 9.157387730000 -3.990639690000 
node 552 coords 3 0.302889615000 9.510564800000 -3.075289960000 
node 553 coords 3 0.768537045000 9.151122090000 -3.958069320000 
node 554 coords 3 2.875182390000 1.062021610000 -9.518689160000 
node 555 coords 3 2.902846810000 0.000000000000 -9.569403650000 
node 556 coords 3 2.789398430000 2.120471000000 -9.366047860000 
node 557 coords 3 3.780239580000 1.066067930000 -9.196373940000 
node 558 coords 3 2.726457120000 3.157127140000 -9.088397980000 
node 559 coords 3 2.563489440000 4.173426630000 -8.718430520000 
node 560 coords 3 3.566011190000 3.170372250000 -8.788190840000 
node 561 coords 3 2.467475890000 5.119661810000 -8.228038790000 
node 562 coords 3 2.237054110000 6.018704410000 -7.666210650000 
node 563 coords 3 3.202689650000 5.139629360000 -7.957825660000 
node 564 coords 3 2.113776210000 6.823261260000 -6.998218060000 
node 565 coords 3 1.833446740000 7.553469660000 -6.291547780000 
node 566 coords 3 2.715663910000 6.840146060000 -6.770345210000 
node 567 coords 3 1.690138820000 8.185327530000 -5.490341190000 
node 568 coords 3 1.378413560000 8.723970410000 -4.689597610000 
node 569 coords 3 2.140883210000 8.190973280000 -5.322084430000 
node 570 coords 3 1.221706990000 9.169777870000 -3.797710420000 
node 571 coords 3 0.897028983000 9.510564800000 -2.957108260000 
node 572 coords 3 1.512130740000 9.163669590000 -3.706834790000 
node 573 coords 3 4.673109530000 1.071451070000 -8.775764470000 
node 574 coords 3 4.713967320000 0.000000000000 -8.819212910000 
node 575 coords 3 4.566560750000 2.136009450000 -8.636201860000 
node 576 coords 3 5.509492400000 1.072183130000 -8.276226040000 
node 577 coords 3 4.445757390000 3.190800670000 -8.369828220000 
node 578 coords 3 4.213549140000 4.217626090000 -8.028551100000 
node 579 coords 3 5.228319170000 3.194165470000 -7.903289320000 
node 580 coords 3 4.018583770000 5.175078870000 -7.554438590000 
node 581 coords 3 3.677316190000 6.078613760000 -7.037599090000 
node 582 coords 3 4.706015110000 5.180972580000 -7.142194750000 
node 583 coords 3 3.424400810000 6.879598620000 -6.398796560000 
node 584 coords 3 3.005702500000 7.604698180000 -5.756241320000 
node 585 coords 3 3.986415150000 6.883698940000 -6.059965610000 
node 586 coords 3 2.713984250000 8.221290590000 -5.004465580000 
node 587 coords 3 2.250284670000 8.749434470000 -4.287611480000 
node 588 coords 3 3.132793900000 8.220038410000 -4.755688190000 
node 589 coords 3 1.935462120000 9.178051950000 -3.466605900000 
node 590 coords 3 1.456696030000 9.510564800000 -2.725286480000 
node 591 coords 3 2.202490090000 9.171769140000 -3.320795770000 
node 592 coords 3 6.302623750000 1.077492240000 -7.688689230000 
node 593 coords 3 6.343932630000 0.000000000000 -7.730104450000 
node 594 coords 3 6.183224680000 2.144300460000 -7.561065670000 
node 595 coords 3 7.030144210000 1.074311730000 -7.030144210000 
node 596 coords 3 6.014352800000 3.210887190000 -7.315583230000 
node 597 coords 3 5.724420070000 4.241318700000 -7.017281060000 
node 598 coords 3 6.698663230000 3.202471970000 -6.698663230000 
node 599 coords 3 5.437349800000 5.206219200000 -6.582591530000 
node 600 coords 3 4.999379160000 6.110634330000 -6.137292390000 
node 601 coords 3 6.041845800000 5.195401670000 -6.041845800000 
node 602 coords 3 4.622396950000 6.909708020000 -5.557821270000 
node 603 coords 3 4.080513000000 7.631881710000 -5.010368820000 
node 604 coords 3 5.118883610000 6.898845200000 -5.118883610000 
node 605 coords 3 3.646405460000 8.239361760000 -4.337815280000 
node 606 coords 3 3.045528170000 8.762855530000 -3.733245610000 
node 607 coords 3 4.016557690000 8.230098720000 -4.016557690000 
node 608 coords 3 2.579791780000 9.181213380000 -3.008320810000 
node 609 coords 3 1.960383060000 9.510564800000 -2.388733630000 
node 610 coords 3 2.813122030000 9.174567220000 -2.813122030000 
node 611 coords 3 7.692184930000 1.079448700000 -6.298022270000 
node 612 coords 3 7.730104450000 0.000000000000 -6.343932630000 
node 613 coords 3 7.561065670000 2.144300460000 -6.183224680000 
node 614 coords 3 8.276226040000 1.072183130000 -5.509492400000 
node 615 coords 3 7.352729800000 3.214807990000 -5.966772560000 
node 616 coords 3 7.017281060000 4.241318700000 -5.724420070000 
node 617 coords 3 7.903289320000 3.194165470000 -5.228319170000 
node 618 coords 3 6.650918010000 5.209067820000 -5.350785260000 
node 619 coords 3 6.137292390000 6.110634330000 -4.999379160000 
node 620 coords 3 7.142194750000 5.180972580000 -4.706015110000 
node 621 coords 3 5.651155950000 6.909965990000 -4.507416730000 
node 622 coords 3 5.010368820000 7.631881710000 -4.080513000000 
node 623 coords 3 6.059965610000 6.883698940000 -3.986415150000 
node 624 coords 3 4.448694710000 8.237528800000 -3.514575480000 
node 625 coords 3 3.733245610000 8.762855530000 -3.045528170000 
node 626 coords 3 4.755688190000 8.220038410000 -3.132793900000 
node 627 coords 3 3.130162240000 9.178810120000 -2.439574960000 
node 628 coords 3 2.388733630000 9.510564800000 -1.960383060000 
node 629 coords 3 3.320795770000 9.171769140000 -2.202490090000 
node 630 coords 3 8.781270980000 1.077128290000 -4.661446570000 
node 631 coords 3 8.819212910000 0.000000000000 -4.713967320000 
node 632 coords 3 8.636201860000 2.136009450000 -4.566560750000 
node 633 coords 3 9.196373940000 1.066067930000 -3.780239580000 
node 634 coords 3 8.396125790000 3.202108860000 -4.387661460000 
node 635 coords 3 8.028551100000 4.217626090000 -4.213549140000 
node 636 coords 3 8.788190840000 3.170372250000 -3.566011190000 
node 637 coords 3 7.600958350000 5.183332920000 -3.918990850000 
node 638 coords 3 7.037599090000 6.078613760000 -3.677316190000 
node 639 coords 3 7.957825660000 5.139629360000 -3.202689650000 
node 640 coords 3 6.465357300000 6.880420210000 -3.295295480000 
node 641 coords 3 5.756241320000 7.604698180000 -3.005702500000 
node 642 coords 3 6.770345210000 6.840146060000 -2.715663910000 
node 643 coords 3 5.089429380000 8.215982440000 -2.568140980000 
node 644 coords 3 4.287611480000 8.749434470000 -2.250284670000 
node 645 coords 3 5.322084430000 8.190973280000 -2.140883210000 
node 646 coords 3 3.566209550000 9.170974730000 -1.781956080000 
node 647 coords 3 2.725286480000 9.510564800000 -1.456696030000 
node 648 coords 3 3.706834790000 9.163669590000 -1.512130740000 
node 649 coords 3 9.525355340000 1.070882080000 -2.849705700000 
node 650 coords 3 9.569403650000 0.000000000000 -2.902846810000 
node 651 coords 3 9.366047860000 2.120471000000 -2.789398430000 
node 652 coords 3 9.757363320000 1.056726810000 -1.917598490000 
node 653 coords 3 9.102603910000 3.174574140000 -2.657945870000 
node 654 coords 3 8.718430520000 4.173426630000 -2.563489440000 
node 655 coords 3 9.324848180000 3.134215120000 -1.795521740000 
node 656 coords 3 8.251309390000 5.132509710000 -2.360771180000 
node 657 coords 3 7.666210650000 6.018704410000 -2.237054110000 
node 658 coords 3 8.463932990000 5.076748370000 -1.608868600000 
node 659 coords 3 7.036081790000 6.824749470000 -1.978976370000 
node 660 coords 3 6.291547780000 7.553469660000 -1.833446740000 
node 661 coords 3 7.228552340000 6.773458960000 -1.366850140000 
node 662 coords 3 5.547054770000 8.177065850000 -1.538106680000 
node 663 coords 3 4.689597610000 8.723970410000 -1.378413560000 
node 664 coords 3 5.698227410000 8.146086690000 -1.082347040000 
node 665 coords 3 3.872777940000 9.158411030000 -1.060709120000 
node 666 coords 3 2.957108260000 9.510564800000 -0.897028983000 
node 667 coords 3 3.958069320000 9.151122090000 -0.768537045000 
node 668 coords 3 9.898879050000 1.061541800000 -0.940919876000 
node 669 coords 3 9.951847080000 0.000000000000 -0.980171382000 
node 670 coords 3 9.732243540000 2.099583390000 -0.935512245000 
node 671 coords 3 9.945219040000 1.045284630000 0.000000000000 
node 672 coords 3 9.456368450000 3.135844470000 -0.862311840000 
node 673 coords 3 9.073997500000 4.114377500000 -0.857008457000 
node 674 coords 3 9.510564800000 3.090170150000 0.000000000000 
node 675 coords 3 8.590589520000 5.063096050000 -0.752877355000 
node 676 coords 3 8.011071210000 5.938282010000 -0.748023510000 
node 677 coords 3 8.660253520000 5.000000000000 0.000000000000 
node 678 coords 3 7.352629180000 6.749527930000 -0.618641257000 
node 679 coords 3 6.604012010000 7.483934400000 -0.614617288000 
node 680 coords 3 7.431448460000 6.691306110000 0.000000000000 
node 681 coords 3 5.811023240000 8.124916080000 -0.466637939000 
node 682 coords 3 4.928002360000 8.689060210000 -0.463712394000 
node 683 coords 3 5.877852440000 8.090169910000 0.000000000000 
node 684 coords 3 4.040547850000 9.142317770000 -0.303319186000 
node 685 coords 3 3.075289960000 9.510564800000 -0.302889615000 
node 686 coords 3 4.067366120000 9.135454180000 0.000000000000 
node 687 coords 3 0.303319186000 9.142317770000 4.040547850000 
node 688 coords 3 0.302889615000 9.510564800000 3.075289960000 
node 689 coords 3 0.463712394000 8.689060210000 4.928002360000 
node 690 coords 3 0.768537045000 9.151122090000 3.958069320000 
node 691 coords 3 0.466637939000 8.124916080000 5.811023240000 
node 692 coords 3 0.614617288000 7.483934400000 6.604012010000 
node 693 coords 3 1.082347040000 8.146086690000 5.698227410000 
node 694 coords 3 0.618641257000 6.749527930000 7.352629180000 
node 695 coords 3 0.748023510000 5.938282010000 8.011071210000 
node 696 coords 3 1.366850140000 6.773458960000 7.228552340000 
node 697 coords 3 0.752877355000 5.063096050000 8.590589520000 
node 698 coords 3 0.857008457000 4.114377500000 9.073997500000 
node 699 coords 3 1.608868600000 5.076748370000 8.463932990000 
node 700 coords 3 0.862311840000 3.135844470000 9.456368450000 
node 701 coords 3 0.935512245000 2.099583390000 9.732243540000 
node 702 coords 3 1.795521740000 3.134215120000 9.324848180000 
node 703 coords 3 0.940919876000 1.061541800000 9.898879050000 
node 704 coords 3 0.980171382000 0.000000000000 9.951847080000 
node 705 coords 3 1.917598490000 1.056726810000 9.757363320000 
node 706 coords 3 1.060709120000 9.158411030000 3.872777940000 
node 707 coords 3 0.897028983000 9.510564800000 2.957108260000 
node 708 coords 3 1.378413560000 8.723970410000 4.689597610000 
node 709 coords 3 1.512130740000 9.163669590000 3.706834790000 
node 710 coords 3 1.538106680000 8.177065850000 5.547054770000 
node 711 coords 3 1.833446740000 7.553469660000 6.291547780000 
node 712 coords 3 2.140883210000 8.190973280000 5.322084430000 
node 713 coords 3 1.978976370000 6.824749470000 7.036081790000 
node 714 coords 3 2.237054110000 6.018704410000 7.666210650000 
node 715 coords 3 2.715663910000 6.840146060000 6.770345210000 
node 716 coords 3 2.360771180000 5.132509710000 8.251309390000 
node 717 coords 3 2.563489440000 4.173426630000 8.718430520000 
node 718 coords 3 3.202689650000 5.139629360000 7.957825660000 
node 719 coords 3 2.657945870000 3.174574140000 9.102603910000 
node 720 coords 3 2.789398430000 2.120471000000 9.366047860000 
node 721 coords 3 3.566011190000 3.170372250000 8.788190840000 
node 722 coords 3 2.849705700000 1.070882080000 9.525355340000 
node 723 coords 3 2.902846810000 0.000000000000 9.569403650000 
node 724 coords 3 3.780239580000 1.066067930000 9.196373940000 
node 725 coords 3 1.781956080000 9.170974730000 3.566209550000 
node 726 coords 3 1.456696030000 9.510564800000 2.725286480000 
node 727 coords 3 2.250284670000 8.749434470000 4.287611480000 
node 728 coords 3 2.202490090000 9.171769140000 3.320795770000 
node 729 coords 3 2.568140980000 8.215982440000 5.089429380000 
node 730 coords 3 3.005702500000 7.604698180000 5.756241320000 
node 731 coords 3 3.132793900000 8.220038410000 4.755688190000 
node 732 coords 3 3.295295480000 6.880420210000 6.465357300000 
node 733 coords 3 3.677316190000 6.078613760000 7.037599090000 
node 734 coords 3 3.986415150000 6.883698940000 6.059965610000 
node 735 coords 3 3.918990850000 5.183332920000 7.600958350000 
node 736 coords 3 4.213549140000 4.217626090000 8.028551100000 
node 737 coords 3 4.706015110000 5.180972580000 7.142194750000 
node 738 coords 3 4.387661460000 3.202108860000 8.396125790000 
node 739 coords 3 4.566560750000 2.136009450000 8.636201860000 
node 740 coords 3 5.228319170000 3.194165470000 7.903289320000 
node 741 coords 3 4.661446570000 1.077128290000 8.781270980000 
node 742 coords 3 4.713967320000 0.000000000000 8.819212910000 
node 743 coords 3 5.509492400000 1.072183130000 8.276226040000 
node 744 coords 3 2.439574960000 9.178810120000 3.130162240000 
node 745 coords 3 1.960383060000 9.510564800000 2.388733630000 
node 746 coords 3 3.045528170000 8.762855530000 3.733245610000 
node 747 coords 3 2.813122030000 9.174567220000 2.813122030000 
node 748 coords 3 3.514575480000 8.237528800000 4.448694710000 
node 749 coords 3 4.080513000000 7.631881710000 5.010368820000 
node 750 coords 3 4.016557690000 8.230098720000 4.016557690000 
node 751 coords 3 4.507416730000 6.909965990000 5.651155950000 
node 752 coords 3 4.999379160000 6.110634330000 6.137292390000 
node 753 coords 3 5.118883610000 6.898845200000 5.118883610000 
node 754 coords 3 5.350785260000 5.209067820000 6.650918010000 
node 755 coords 3 5.724420070000 4.241318700000 7.017281060000 
node 756 coords 3 6.041845800000 5.195401670000 6.041845800000 
node 757 coords 3 5.966772560000 3.214807990000 7.352729800000 
node 758 coords 3 6.183224680000 2.144300460000 7.561065670000 
node 759 coords 3 6.698663230000 3.202471970000 6.698663230000 
node 760 coords 3 6.298022270000 1.079448700000 7.692184930000 
node 761 coords 3 6.343932630000 0.000000000000 7.730104450000 
node 762 coords 3 7.030144210000 1.074311730000 7.030144210000 
node 763 coords 3 3.008320810000 9.181213380000 2.579791780000 
node 764 coords 3 2.388733630000 9.510564800000 1.960383060000 
node 765 coords 3 3.733245610000 8.762855530000 3.045528170000 
node 766 coords 3 3.320795770000 9.171769140000 2.202490090000 
node 767 coords 3 4.337815280000 8.239361760000 3.646405460000 
node 768 coords 3 5.010368820000 7.631881710000 4.080513000000 
node 769 coords 3 4.755688190000 8.220038410000 3.132793900000 
node 770 coords 3 5.557821270000 6.909708020000 4.622396950000 
node 771 coords 3 6.137292390000 6.110634330000 4.999379160000 
node 772 coords 3 6.059965610000 6.883698940000 3.986415150000 
node 773 coords 3 6.582591530000 5.206219200000 5.437349800000 
node 774 coords 3 7.017281060000 4.241318700000 5.724420070000 
node 775 coords 3 7.142194750000 5.180972580000 4.706015110000 
node 776 coords 3 7.315583230000 3.210887190000 6.014352800000 
node 777 coords 3 7.561065670000 2.144300460000 6.183224680000 
node 778 coords 3 7.903289320000 3.194165470000 5.228319170000 
node 779 coords 3 7.688689230000 1.077492240000 6.302623750000 
node 780 coords 3 7.730104450000 0.000000000000 6.343932630000 
node 781 coords 3 8.276226040000 1.072183130000 5.509492400000 
node 782 coords 3 3.466605900000 9.178051950000 1.935462120000 
node 783 coords 3 2.725286480000 9.510564800000 1.456696030000 
node 784 coords 3 4.287611480000 8.749434470000 2.250284670000 
node 785 coords 3 3.706834790000 9.163669590000 1.512130740000 
node 786 coords 3 5.004465580000 8.221290590000 2.713984250000 
node 787 coords 3 5.756241320000 7.604698180000 3.005702500000 
node 788 coords 3 5.322084430000 8.190973280000 2.140883210000 
node 789 coords 3 6.398796560000 6.879598620000 3.424400810000 
node 790 coords 3 7.037599090000 6.078613760000 3.677316190000 
node 791 coords 3 6.770345210000 6.840146060000 2.715663910000 
node 792 coords 3 7.554438590000 5.175078870000 4.018583770000 
node 793 coords 3 8.028551100000 4.217626090000 4.213549140000 
node 794 coords 3 7.957825660000 5.139629360000 3.202689650000 
node 795 coords 3 8.369828220000 3.190800670000 4.445757390000 
node 796 coords 3 8.636201860000 2.136009450000 4.566560750000 
node 797 coords 3 8.788190840000 3.170372250000 3.566011190000 
node 798 coords 3 8.775764470000 1.071451070000 4.673109530000 
node 799 coords 3 8.819212910000 0.000000000000 4.713967320000 
node 800 coords 3 9.196373940000 1.066067930000 3.780239580000 
node 801 coords 3 3.797710420000 9.169777870000 1.221706990000 
node 802 coords 3 2.957108260000 9.510564800000 0.897028983000 
node 803 coords 3 4.689597610000 8.723970410000 1.378413560000 
node 804 coords 3 3.958069320000 9.151122090000 0.768537045000 
node 805 coords 3 5.490341190000 8.185327530000 1.690138820000 
node 806 coords 3 6.291547780000 7.553469660000 1.833446740000 
node 807 coords 3 5.698227410000 8.146086690000 1.082347040000 
node 808 coords 3 6.998218060000 6.823261260000 2.113776210000 
node 809 coords 3 7.666210650000 6.018704410000 2.237054110000 
node 810 coords 3 7.228552340000 6.773458960000 1.366850140000 
node 811 coords 3 8.228038790000 5.119661810000 2.467475890000 
node 812 coords 3 8.718430520000 4.173426630000 2.563489440000 
node 813 coords 3 8.463932990000 5.076748370000 1.608868600000 
node 814 coords 3 9.088397980000 3.157127140000 2.726457120000 
node 815 coords 3 9.366047860000 2.120471000000 2.789398430000 
node 816 coords 3 9.324848180000 3.134215120000 1.795521740000 
node 817 coords 3 9.518689160000 1.062021610000 2.875182390000 
node 818 coords 3 9.569403650000 0.000000000000 2.902846810000 
node 819 coords 3 9.757363320000 1.056726810000 1.917598490000 
node 820 coords 3 3.990639690000 9.157387730000 0.465884835000 
node 821 coords 3 3.075289960000 9.510564800000 0.302889615000 
node 822 coords 3 4.928002360000 8.689060210000 0.463712394000 
node 823 coords 3 5.782214640000 8.135409360000 0.617339790000 
node 824 coords 3 6.604012010000 7.483934400000 0.614617288000 
node 825 coords 3 7.342296600000 6.747305390000 0.751365125000 
node 826 coords 3 8.011071210000 5.938282010000 0.748023510000 
node 827 coords 3 8.589998250000 5.046828750000 0.861076713000 
node 828 coords 3 9.073997500000 4.114377500000 0.857008457000 
node 829 coords 3 9.456148150000 3.114010810000 0.940319180000 
node 830 coords 3 9.732243540000 2.099583390000 0.935512245000 
node 831 coords 3 9.895739560000 1.050286050000 0.985517621000 
node 832 coords 3 9.951847080000 0.000000000000 0.980171382000 
tr2shell7 1 nodes 6 1 9 32 225 226 227 mat 1 crossSect 1
tr2shell7 2 nodes 6 9 85 32 228 229 226 mat 1 crossSect 1
tr2shell7 3 nodes 6 9 10 85 230 231 228 mat 1 crossSect 1
tr2shell7 4 nodes 6 10 86 85 232 233 231 mat 1 crossSect 1
tr2shell7 5 nodes 6 10 11 86 234 235 232 mat 1 crossSect 1
tr2shell7 6 nodes 6 11 87 86 236 237 235 mat 1 crossSect 1
tr2shell7 7 nodes 6 11 12 87 238 239 236 mat 1 crossSect 1
tr2shell7 8 nodes 6 12 88 87 240 241 239 mat 1 crossSect 1
tr2shell7 9 nodes 6 12 13 88 242 243 240 mat 1 crossSect 1
tr2shell7 10 nodes 6 13 89 88 244 245 243 mat 1 crossSect 1
tr2shell7 11 nodes 6 13 2 89 246 247 244 mat 1 crossSect 1
tr2shell7 12 nodes 6 2 14 89 248 249 247 mat 1 crossSect 1
tr2shell7 13 nodes 6 32 85 31 229 250 251 mat 1 crossSect 1
tr2shell7 14 nodes 6 85 90 31 252 253 250 mat 1 crossSect 1
tr2shell7 15 nodes 6 85 86 90 233 254 252 mat 1 crossSect 1
tr2shell7 16 nodes 6 86 91 90 255 256 254 mat 1 crossSect 1
tr2shell7 17 nodes 6 86 87 91 237 257 255 mat 1 crossSect 1
tr2shell7 18 nodes 6 87 92 91 258 259 257 mat 1 crossSect 1
tr2shell7 19 nodes 6 87 88 92 241 260 258 mat 1 crossSect 1
tr2shell7 20 nodes 6 88 93 92 261 262 260 mat 1 crossSect 1
tr2shell7 21 nodes 6 88 89 93 245 263 261 mat 1 crossSect 1
tr2shell7 22 nodes 6 89 94 93 264 265 263 mat 1 crossSect 1
tr2shell7 23 nodes 6 89 14 94 249 266 264 mat 1 crossSect 1
tr2shell7 24 nodes 6 14 15 94 267 268 266 mat 1 crossSect 1
tr2shell7 25 nodes 6 31 90 30 253 269 270 mat 1 crossSect 1
tr2shell7 26 nodes 6 90 95 30 271 272 269 mat 1 crossSect 1
tr2shell7 27 nodes 6 90 91 95 256 273 271 mat 1 crossSect 1
tr2shell7 28 nodes 6 91 96 95 274 275 273 mat 1 crossSect 1
tr2shell7 29 nodes 6 91 92 96 259 276 274 mat 1 crossSect 1
tr2shell7 30 nodes 6 92 97 96 277 278 276 mat 1 crossSect 1
tr2shell7 31 nodes 6 92 93 97 262 279 277 mat 1 crossSect 1
tr2shell7 32 nodes 6 93 98 97 280 281 279 mat 1 crossSect 1
tr2shell7 33 nodes 6 93 94 98 265 282 280 mat 1 crossSect 1
tr2shell7 34 nodes 6 94 99 98 283 284 282 mat 1 crossSect 1
tr2shell7 35 nodes 6 94 15 99 268 285 283 mat 1 crossSect 1
tr2shell7 36 nodes 6 15 16 99 286 287 285 mat 1 crossSect 1
tr2shell7 37 nodes 6 30 95 29 272 288 289 mat 1 crossSect 1
tr2shell7 38 nodes 6 95 100 29 290 291 288 mat 1 crossSect 1
tr2shell7 39 nodes 6 95 96 100 275 292 290 mat 1 crossSect 1
tr2shell7 40 nodes 6 96 101 100 293 294 292 mat 1 crossSect 1
tr2shell7 41 nodes 6 96 97 101 278 295 293 mat 1 crossSect 1
tr2shell7 42 nodes 6 97 102 101 296 297 295 mat 1 crossSect 1
tr2shell7 43 nodes 6 97 98 102 281 298 296 mat 1 crossSect 1
tr2shell7 44 nodes 6 98 103 102 299 300 298 mat 1 crossSect 1
tr2shell7 45 nodes 6 98 99 103 284 301 299 mat 1 crossSect 1
tr2shell7 46 nodes 6 99 104 103 302 303 301 mat 1 crossSect 1
tr2shell7 47 nodes 6 99 16 104 287 304 302 mat 1 crossSect 1
tr2shell7 48 nodes 6 16 17 104 305 306 304 mat 1 crossSect 1
tr2shell7 49 nodes 6 29 100 28 291 307 308 mat 1 crossSect 1
tr2shell7 50 nodes 6 100 105 28 309 310 307 mat 1 crossSect 1
tr2shell7 51 nodes 6 100 101 105 294 311 309 mat 1 crossSect 1
tr2shell7 52 nodes 6 101 106 105 312 313 311 mat 1 crossSect 1
tr2shell7 53 nodes 6 101 102 106 297 314 312 mat 1 crossSect 1
tr2shell7 54 nodes 6 102 107 106 315 316 314 mat 1 crossSect 1
tr2shell7 55 nodes 6 102 103 107 300 317 315 mat 1 crossSect 1
tr2shell7 56 nodes 6 103 108 107 318 319 317 mat 1 crossSect 1
tr2shell7 57 nodes 6 103 104 108 303 320 318 mat 1 crossSect 1
tr2shell7 58 nodes 6 104 109 108 321 322 320 mat 1 crossSect 1
tr2shell7 59 nodes 6 104 17 109 306 323 321 mat 1 crossSect 1
tr2shell7 60 nodes 6 17 18 109 324 325 323 mat 1 crossSect 1
tr2shell7 61 nodes 6 28 105 27 310 326 327 mat 1 crossSect 1
tr2shell7 62 nodes 6 105 110 27 328 329 326 mat 1 crossSect 1
tr2shell7 63 nodes 6 105 106 110 313 330 328 mat 1 crossSect 1
tr2shell7 64 nodes 6 106 111 110 331 332 330 mat 1 crossSect 1
tr2shell7 65 nodes 6 106 107 111 316 333 331 mat 1 crossSect 1
tr2shell7 66 nodes 6 107 112 111 334 335 333 mat 1 crossSect 1
tr2shell7 67 nodes 6 107 108 112 319 336 334 mat 1 crossSect 1
tr2shell7 68 nodes 6 108 113 112 337 338 336 mat 1 crossSect 1
tr2shell7 69 nodes 6 108 109 113 322 339 337 mat 1 crossSect 1
tr2shell7 70 nodes 6 109 114 113 340 341 339 mat 1 crossSect 1
tr2shell7 71 nodes 6 109 18 114 325 342 340 mat 1 crossSect 1
tr2shell7 72 nodes 6 18 19 114 343 344 342 mat 1 crossSect 1
tr2shell7 73 nodes 6 27 110 26 329 345 346 mat 1 crossSect 1
tr2shell7 74 nodes 6 110 115 26 347 348 345 mat 1 crossSect 1
tr2shell7 75 nodes 6 110 111 115 332 349 347 mat 1 crossSect 1
tr2shell7 76 nodes 6 111 116 115 350 351 349 mat 1 crossSect 1
tr2shell7 77 nodes 6 111 112 116 335 352 350 mat 1 crossSect 1
tr2shell7 78 nodes 6 112 117 116 353 354 352 mat 1 crossSect 1
tr2shell7 79 nodes 6 112 113 117 338 355 353 mat 1 crossSect 1
tr2shell7 80 nodes 6 113 118 117 356 357 355 mat 1 crossSect 1
tr2shell7 81 nodes 6 113 114 118 341 358 356 mat 1 crossSect 1
tr2shell7 82 nodes 6 114 119 118 359 360 358 mat 1 crossSect 1
tr2shell7 83 nodes 6 114 19 119 344 361 359 mat 1 crossSect 1
tr2shell7 84 nodes 6 19 20 119 362 363 361 mat 1 crossSect 1
tr2shell7 85 nodes 6 26 115 4 348 364 365 mat 1 crossSect 1
tr2shell7 86 nodes 6 115 25 4 366 367 364 mat 1 crossSect 1
tr2shell7 87 nodes 6 115 116 25 351 368 366 mat 1 crossSect 1
tr2shell7 88 nodes 6 116 24 25 369 370 368 mat 1 crossSect 1
tr2shell7 89 nodes 6 116 117 24 354 371 369 mat 1 crossSect 1
tr2shell7 90 nodes 6 117 23 24 372 373 371 mat 1 crossSect 1
tr2shell7 91 nodes 6 117 118 23 357 374 372 mat 1 crossSect 1
tr2shell7 92 nodes 6 118 22 23 375 376 374 mat 1 crossSect 1
tr2shell7 93 nodes 6 118 119 22 360 377 375 mat 1 crossSect 1
tr2shell7 94 nodes 6 119 21 22 378 379 377 mat 1 crossSect 1
tr2shell7 95 nodes 6 119 20 21 363 380 378 mat 1 crossSect 1
tr2shell7 96 nodes 6 20 3 21 381 382 380 mat 1 crossSect 1
tr2shell7 97 nodes 6 5 33 51 383 384 385 mat 1 crossSect 1
tr2shell7 98 nodes 6 33 120 51 386 387 384 mat 1 crossSect 1
tr2shell7 99 nodes 6 33 34 120 388 389 386 mat 1 crossSect 1
tr2shell7 100 nodes 6 34 121 120 390 391 389 mat 1 crossSect 1
tr2shell7 101 nodes 6 34 35 121 392 393 390 mat 1 crossSect 1
tr2shell7 102 nodes 6 35 122 121 394 395 393 mat 1 crossSect 1
tr2shell7 103 nodes 6 35 36 122 396 397 394 mat 1 crossSect 1
tr2shell7 104 nodes 6 36 123 122 398 399 397 mat 1 crossSect 1
tr2shell7 105 nodes 6 36 37 123 400 401 398 mat 1 crossSect 1
tr2shell7 106 nodes 6 37 124 123 402 403 401 mat 1 crossSect 1
tr2shell7 107 nodes 6 37 6 124 404 405 402 mat 1 crossSect 1
tr2shell7 108 nodes 6 6 38 124 406 407 405 mat 1 crossSect 1
tr2shell7 109 nodes 6 51 120 50 387 408 409 mat 1 crossSect 1
tr2shell7 110 nodes 6 120 125 50 410 411 408 mat 1 crossSect 1
tr2shell7 111 nodes 6 120 121 125 391 412 410 mat 1 crossSect 1
tr2shell7 112 nodes 6 121 126 125 413 414 412 mat 1 crossSect 1
tr2shell7 113 nodes 6 121 122 126 395 415 413 mat 1 crossSect 1
tr2shell7 114 nodes 6 122 127 126 416 417 415 mat 1 crossSect 1
tr2shell7 115 nodes 6 122 123 127 399 418 416 mat 1 crossSect 1
tr2shell7 116 nodes 6 123 128 127 419 420 418 mat 1 crossSect 1
tr2shell7 117 nodes 6 123 124 128 403 421 419 mat 1 crossSect 1
tr2shell7 118 nodes 6 124 129 128 422 423 421 mat 1 crossSect 1
tr2shell7 119 nodes 6 124 38 129 407 424 422 mat 1 crossSect 1
tr2shell7 120 nodes 6 38 39 129 425 426 424 mat 1 crossSect 1
tr2shell7 121 nodes 6 50 125 49 411 427 428 mat 1 crossSect 1
tr2shell7 122 nodes 6 125 130 49 429 430 427 mat 1 crossSect 1
tr2shell7 123 nodes 6 125 126 130 414 431 429 mat 1 crossSect 1
tr2shell7 124 nodes 6 126 131 130 432 433 431 mat 1 crossSect 1
tr2shell7 125 nodes 6 126 127 131 417 434 432 mat 1 crossSect 1
tr2shell7 126 nodes 6 127 132 131 435 436 434 mat 1 crossSect 1
tr2shell7 127 nodes 6 127 128 132 420 437 435 mat 1 crossSect 1
tr2shell7 128 nodes 6 128 133 132 438 439 437 mat 1 crossSect 1
tr2shell7 129 nodes 6 128 129 133 423 440 438 mat 1 crossSect 1
tr2shell7 130 nodes 6 129 134 133 441 442 440 mat 1 crossSect 1
tr2shell7 131 nodes 6 129 39 134 426 443 441 mat 1 crossSect 1
tr2shell7 132 nodes 6 39 40 134 444 445 443 mat 1 crossSect 1
tr2shell7 133 nodes 6 49 130 48 430 446 447 mat 1 crossSect 1
tr2shell7 134 nodes 6 130 135 48 448 449 446 mat 1 crossSect 1
tr2shell7 135 nodes 6 130 131 135 433 450 448 mat 1 crossSect 1
tr2shell7 136 nodes 6 131 136 135 451 452 450 mat 1 crossSect 1
tr2shell7 137 nodes 6 131 132 136 436 453 451 mat 1 crossSect 1
tr2shell7 138 nodes 6 132 137 136 454 455 453 mat 1 crossSect 1
tr2shell7 139 nodes 6 132 133 137 439 456 454 mat 1 crossSect 1
tr2shell7 140 nodes 6 133 138 137 457 458 456 mat 1 crossSect 1
tr2shell7 141 nodes 6 133 134 138 442 459 457 mat 1 crossSect 1
tr2shell7 142 nodes 6 134 139 138 460 461 459 mat 1 crossSect 1
tr2shell7 143 nodes 6 134 40 139 445 462 460 mat 1 crossSect 1
tr2shell7 144 nodes 6 40 41 139 463 464 462 mat 1 crossSect 1
tr2shell7 145 nodes 6 48 135 47 449 465 466 mat 1 crossSect 1
tr2shell7 146 nodes 6 135 140 47 467 468 465 mat 1 crossSect 1
tr2shell7 147 nodes 6 135 136 140 452 469 467 mat 1 crossSect 1
tr2shell7 148 nodes 6 136 141 140 470 471 469 mat 1 crossSect 1
tr2shell7 149 nodes 6 136 137 141 455 472 470 mat 1 crossSect 1
tr2shell7 150 nodes 6 137 142 141 473 474 472 mat 1 crossSect 1
tr2shell7 151 nodes 6 137 138 142 458 475 473 mat 1 crossSect 1
tr2shell7 152 nodes 6 138 143 142 476 477 475 mat 1 crossSect 1
tr2shell7 153 nodes 6 138 139 143 461 478 476 mat 1 crossSect 1
tr2shell7 154 nodes 6 139 144 143 479 480 478 mat 1 crossSect 1
tr2shell7 155 nodes 6 139 41 144 464 481 479 mat 1 crossSect 1
tr2shell7 156 nodes 6 41 42 144 482 483 481 mat 1 crossSect 1
tr2shell7 157 nodes 6 47 140 46 468 484 485 mat 1 crossSect 1
tr2shell7 158 nodes 6 140 145 46 486 487 484 mat 1 crossSect 1
tr2shell7 159 nodes 6 140 141 145 471 488 486 mat 1 crossSect 1
tr2shell7 160 nodes 6 141 146 145 489 490 488 mat 1 crossSect 1
tr2shell7 161 nodes 6 141 142 146 474 491 489 mat 1 crossSect 1
tr2shell7 162 nodes 6 142 147 146 492 493 491 mat 1 crossSect 1
tr2shell7 163 nodes 6 142 143 147 477 494 492 mat 1 crossSect 1
tr2shell7 164 nodes 6 143 148 147 495 496 494 mat 1 crossSect 1
tr2shell7 165 nodes 6 143 144 148 480 497 495 mat 1 crossSect 1
tr2shell7 166 nodes 6 144 149 148 498 499 497 mat 1 crossSect 1
tr2shell7 167 nodes 6 144 42 149 483 500 498 mat 1 crossSect 1
tr2shell7 168 nodes 6 42 43 149 501 502 500 mat 1 crossSect 1
tr2shell7 169 nodes 6 46 145 45 487 503 504 mat 1 crossSect 1
tr2shell7 170 nodes 6 145 150 45 505 506 503 mat 1 crossSect 1
tr2shell7 171 nodes 6 145 146 150 490 507 505 mat 1 crossSect 1
tr2shell7 172 nodes 6 146 151 150 508 509 507 mat 1 crossSect 1
tr2shell7 173 nodes 6 146 147 151 493 510 508 mat 1 crossSect 1
tr2shell7 174 nodes 6 147 152 151 511 512 510 mat 1 crossSect 1
tr2shell7 175 nodes 6 147 148 152 496 513 511 mat 1 crossSect 1
tr2shell7 176 nodes 6 148 153 152 514 515 513 mat 1 crossSect 1
tr2shell7 177 nodes 6 148 149 153 499 516 514 mat 1 crossSect 1
tr2shell7 178 nodes 6 149 154 153 517 518 516 mat 1 crossSect 1
tr2shell7 179 nodes 6 149 43 154 502 519 517 mat 1 crossSect 1
tr2shell7 180 nodes 6 43 44 154 520 521 519 mat 1 crossSect 1
tr2shell7 181 nodes 6 45 150 3 506 522 523 mat 1 crossSect 1
tr2shell7 182 nodes 6 150 21 3 524 382 522 mat 1 crossSect 1
tr2shell7 183 nodes 6 150 151 21 509 525 524 mat 1 crossSect 1
tr2shell7 184 nodes 6 151 22 21 526 379 525 mat 1 crossSect 1
tr2shell7 185 nodes 6 151 152 22 512 527 526 mat 1 crossSect 1
tr2shell7 186 nodes 6 152 23 22 528 376 527 mat 1 crossSect 1
tr2shell7 187 nodes 6 152 153 23 515 529 528 mat 1 crossSect 1
tr2shell7 188 nodes 6 153 24 23 530 373 529 mat 1 crossSect 1
tr2shell7 189 nodes 6 153 154 24 518 531 530 mat 1 crossSect 1
tr2shell7 190 nodes 6 154 25 24 532 370 531 mat 1 crossSect 1
tr2shell7 191 nodes 6 154 44 25 521 533 532 mat 1 crossSect 1
tr2shell7 192 nodes 6 44 4 25 534 367 533 mat 1 crossSect 1
tr2shell7 193 nodes 6 2 13 70 246 535 536 mat 1 crossSect 1
tr2shell7 194 nodes 6 13 155 70 537 538 535 mat 1 crossSect 1
tr2shell7 195 nodes 6 13 12 155 242 539 537 mat 1 crossSect 1
tr2shell7 196 nodes 6 12 156 155 540 541 539 mat 1 crossSect 1
tr2shell7 197 nodes 6 12 11 156 238 542 540 mat 1 crossSect 1
tr2shell7 198 nodes 6 11 157 156 543 544 542 mat 1 crossSect 1
tr2shell7 199 nodes 6 11 10 157 234 545 543 mat 1 crossSect 1
tr2shell7 200 nodes 6 10 158 157 546 547 545 mat 1 crossSect 1
tr2shell7 201 nodes 6 10 9 158 230 548 546 mat 1 crossSect 1
tr2shell7 202 nodes 6 9 159 158 549 550 548 mat 1 crossSect 1
tr2shell7 203 nodes 6 9 1 159 225 551 549 mat 1 crossSect 1
tr2shell7 204 nodes 6 1 52 159 552 553 551 mat 1 crossSect 1
tr2shell7 205 nodes 6 70 155 69 538 554 555 mat 1 crossSect 1
tr2shell7 206 nodes 6 155 160 69 556 557 554 mat 1 crossSect 1
tr2shell7 207 nodes 6 155 156 160 541 558 556 mat 1 crossSect 1
tr2shell7 208 nodes 6 156 161 160 559 560 558 mat 1 crossSect 1
tr2shell7 209 nodes 6 156 157 161 544 561 559 mat 1 crossSect 1
tr2shell7 210 nodes 6 157 162 161 562 563 561 mat 1 crossSect 1
tr2shell7 211 nodes 6 157 158 162 547 564 562 mat 1 crossSect 1
tr2shell7 212 nodes 6 158 163 162 565 566 564 mat 1 crossSect 1
tr2shell7 213 nodes 6 158 159 163 550 567 565 mat 1 crossSect 1
tr2shell7 214 nodes 6 159 164 163 568 569 567 mat 1 crossSect 1
tr2shell7 215 nodes 6 159 52 164 553 570 568 mat 1 crossSect 1
tr2shell7 216 nodes 6 52 53 164 571 572 570 mat 1 crossSect 1
tr2shell7 217 nodes 6 69 160 68 557 573 574 mat 1 crossSect 1
tr2shell7 218 nodes 6 160 165 68 575 576 573 mat 1 crossSect 1
tr2shell7 219 nodes 6 160 161 165 560 577 575 mat 1 crossSect 1
tr2shell7 220 nodes 6 161 166 165 578 579 577 mat 1 crossSect 1
tr2shell7 221 nodes 6 161 162 166 563 580 578 mat 1 crossSect 1
tr2shell7 222 nodes 6 162 167 166 581 582 580 mat 1 crossSect 1
tr2shell7 223 nodes 6 162 163 167 566 583 581 mat 1 crossSect 1
tr2shell7 224 nodes 6 163 168 167 584 585 583 mat 1 crossSect 1
tr2shell7 225 nodes 6 163 164 168 569 586 584 mat 1 crossSect 1
tr2shell7 226 nodes 6 164 169 168 587 588 586 mat 1 crossSect 1
tr2shell7 227 nodes 6 164 53 169 572 589 587 mat 1 crossSect 1
tr2shell7 228 nodes 6 53 54 169 590 591 589 mat 1 crossSect 1
tr2shell7 229 nodes 6 68 165 67 576 592 593 mat 1 crossSect 1
tr2shell7 230 nodes 6 165 170 67 594 595 592 mat 1 crossSect 1
tr2shell7 231 nodes 6 165 166 170 579 596 594 mat 1 crossSect 1
tr2shell7 232 nodes 6 166 171 170 597 598 596 mat 1 crossSect 1
tr2shell7 233 nodes 6 166 167 171 582 599 597 mat 1 crossSect 1
tr2shell7 234 nodes 6 167 172 171 600 601 599 mat 1 crossSect 1
tr2shell7 235 nodes 6 167 168 172 585 602 600 mat 1 crossSect 1
tr2shell7 236 nodes 6 168 173 172 603 604 602 mat 1 crossSect 1
tr2shell7 237 nodes 6 168 169 173 588 605 603 mat 1 crossSect 1
tr2shell7 238 nodes 6 169 174 173 606 607 605 mat 1 crossSect 1
tr2shell7 239 nodes 6 169 54 174 591 608 606 mat 1 crossSect 1
tr2shell7 240 nodes 6 54 55 174 609 610 608 mat 1 crossSect 1
tr2shell7 241 nodes 6 67 170 66 595 611 612 mat 1 crossSect 1
tr2shell7 242 nodes 6 170 175 66 613 614 611 mat 1 crossSect 1
tr2shell7 243 nodes 6 170 171 175 598 615 613 mat 1 crossSect 1
tr2shell7 244 nodes 6 171 176 175 616 617 615 mat 1 crossSect 1
tr2shell7 245 nodes 6 171 172 176 601 618 616 mat 1 crossSect 1
tr2shell7 246 nodes 6 172 177 176 619 620 618 mat 1 crossSect 1
tr2shell7 247 nodes 6 172 173 177 604 621 619 mat 1 crossSect 1
tr2shell7 248 nodes 6 173 178 177 622 623 621 mat 1 crossSect 1
tr2shell7 249 nodes 6 173 174 178 607 624 622 mat 1 crossSect 1
tr2shell7 250 nodes 6 174 179 178 625 626 624 mat 1 crossSect 1
tr2shell7 251 nodes 6 174 55 179 610 627 625 mat 1 crossSect 1
tr2shell7 252 nodes 6 55 56 179 628 629 627 mat 1 crossSect 1
tr2shell7 253 nodes 6 66 175 65 614 630 631 mat 1 crossSect 1
tr2shell7 254 nodes 6 175 180 65 632 633 630 mat 1 crossSect 1
tr2shell7 255 nodes 6 175 176 180 617 634 632 mat 1 crossSect 1
tr2shell7 256 nodes 6 176 181 180 635 636 634 mat 1 crossSect 1
tr2shell7 257 nodes 6 176 177 181 620 637 635 mat 1 crossSect 1
tr2shell7 258 nodes 6 177 182 181 638 639 637 mat 1 crossSect 1
tr2shell7 259 nodes 6 177 178 182 623 640 638 mat 1 crossSect 1
tr2shell7 260 nodes 6 178 183 182 641 642 640 mat 1 crossSect 1
tr2shell7 261 nodes 6 178 179 183 626 643 641 mat 1 crossSect 1
tr2shell7 262 nodes 6 179 184 183 644 645 643 mat 1 crossSect 1
tr2shell7 263 nodes 6 179 56 184 629 646 644 mat 1 crossSect 1
tr2shell7 264 nodes 6 56 57 184 647 648 646 mat 1 crossSect 1
tr2shell7 265 nodes 6 65 180 64 633 649 650 mat 1 crossSect 1
tr2shell7 266 nodes 6 180 185 64 651 652 649 mat 1 crossSect 1
tr2shell7 267 nodes 6 180 181 185 636 653 651 mat 1 crossSect 1
tr2shell7 268 nodes 6 181 186 185 654 655 653 mat 1 crossSect 1
tr2shell7 269 nodes 6 181 182 186 639 656 654 mat 1 crossSect 1
tr2shell7 270 nodes 6 182 187 186 657 658 656 mat 1 crossSect 1
tr2shell7 271 nodes 6 182 183 187 642 659 657 mat 1 crossSect 1
tr2shell7 272 nodes 6 183 188 187 660 661 659 mat 1 crossSect 1
tr2shell7 273 nodes 6 183 184 188 645 662 660 mat 1 crossSect 1
tr2shell7 274 nodes 6 184 189 188 663 664 662 mat 1 crossSect 1
tr2shell7 275 nodes 6 184 57 189 648 665 663 mat 1 crossSect 1
tr2shell7 276 nodes 6 57 58 189 666 667 665 mat 1 crossSect 1
tr2shell7 277 nodes 6 64 185 8 652 668 669 mat 1 crossSect 1
tr2shell7 278 nodes 6 185 63 8 670 671 668 mat 1 crossSect 1
tr2shell7 279 nodes 6 185 186 63 655 672 670 mat 1 crossSect 1
tr2shell7 280 nodes 6 186 62 63 673 674 672 mat 1 crossSect 1
tr2shell7 281 nodes 6 186 187 62 658 675 673 mat 1 crossSect 1
tr2shell7 282 nodes 6 187 61 62 676 677 675 mat 1 crossSect 1
tr2shell7 283 nodes 6 187 188 61 661 678 676 mat 1 crossSect 1
tr2shell7 284 nodes 6 188 60 61 679 680 678 mat 1 crossSect 1
tr2shell7 285 nodes 6 188 189 60 664 681 679 mat 1 crossSect 1
tr2shell7 286 nodes 6 189 59 60 682 683 681 mat 1 crossSect 1
tr2shell7 287 nodes 6 189 58 59 667 684 682 mat 1 crossSect 1
tr2shell7 288 nodes 6 58 7 59 685 686 684 mat 1 crossSect 1
tr2shell7 289 nodes 6 6 37 84 404 687 688 mat 1 crossSect 1
tr2shell7 290 nodes 6 37 190 84 689 690 687 mat 1 crossSect 1
tr2shell7 291 nodes 6 37 36 190 400 691 689 mat 1 crossSect 1
tr2shell7 292 nodes 6 36 191 190 692 693 691 mat 1 crossSect 1
tr2shell7 293 nodes 6 36 35 191 396 694 692 mat 1 crossSect 1
tr2shell7 294 nodes 6 35 192 191 695 696 694 mat 1 crossSect 1
tr2shell7 295 nodes 6 35 34 192 392 697 695 mat 1 crossSect 1
tr2shell7 296 nodes 6 34 193 192 698 699 697 mat 1 crossSect 1
tr2shell7 297 nodes 6 34 33 193 388 700 698 mat 1 crossSect 1
tr2shell7 298 nodes 6 33 194 193 701 702 700 mat 1 crossSect 1
tr2shell7 299 nodes 6 33 5 194 383 703 701 mat 1 crossSect 1
tr2shell7 300 nodes 6 5 71 194 704 705 703 mat 1 crossSect 1
tr2shell7 301 nodes 6 84 190 83 690 706 707 mat 1 crossSect 1
tr2shell7 302 nodes 6 190 195 83 708 709 706 mat 1 crossSect 1
tr2shell7 303 nodes 6 190 191 195 693 710 708 mat 1 crossSect 1
tr2shell7 304 nodes 6 191 196 195 711 712 710 mat 1 crossSect 1
tr2shell7 305 nodes 6 191 192 196 696 713 711 mat 1 crossSect 1
tr2shell7 306 nodes 6 192 197 196 714 715 713 mat 1 crossSect 1
tr2shell7 307 nodes 6 192 193 197 699 716 714 mat 1 crossSect 1
tr2shell7 308 nodes 6 193 198 197 717 718 716 mat 1 crossSect 1
tr2shell7 309 nodes 6 193 194 198 702 719 717 mat 1 crossSect 1
tr2shell7 310 nodes 6 194 199 198 720 721 719 mat 1 crossSect 1
tr2shell7 311 nodes 6 194 71 199 705 722 720 mat 1 crossSect 1
tr2shell7 312 nodes 6 71 72 199 723 724 722 mat 1 crossSect 1
tr2shell7 313 nodes 6 83 195 82 709 725 726 mat 1 crossSect 1
tr2shell7 314 nodes 6 195 200 82 727 728 725 mat 1 crossSect 1
tr2shell7 315 nodes 6 195 196 200 712 729 727 mat 1 crossSect 1
tr2shell7 316 nodes 6 196 201 200 730 731 729 mat 1 crossSect 1
tr2shell7 317 nodes 6 196 197 201 715 732 730 mat 1 crossSect 1
tr2shell7 318 nodes 6 197 202 201 733 734 732 mat 1 crossSect 1
tr2shell7 319 nodes 6 197 198 202 718 735 733 mat 1 crossSect 1
tr2shell7 320 nodes 6 198 203 202 736 737 735 mat 1 crossSect 1
tr2shell7 321 nodes 6 198 199 203 721 738 736 mat 1 crossSect 1
tr2shell7 322 nodes 6 199 204 203 739 740 738 mat 1 crossSect 1
tr2shell7 323 nodes 6 199 72 204 724 741 739 mat 1 crossSect 1
tr2shell7 324 nodes 6 72 73 204 742 743 741 mat 1 crossSect 1
tr2shell7 325 nodes 6 82 200 81 728 744 745 mat 1 crossSect 1
tr2shell7 326 nodes 6 200 205 81 746 747 744 mat 1 crossSect 1
tr2shell7 327 nodes 6 200 201 205 731 748 746 mat 1 crossSect 1
tr2shell7 328 nodes 6 201 206 205 749 750 748 mat 1 crossSect 1
tr2shell7 329 nodes 6 201 202 206 734 751 749 mat 1 crossSect 1
tr2shell7 330 nodes 6 202 207 206 752 753 751 mat 1 crossSect 1
tr2shell7 331 nodes 6 202 203 207 737 754 752 mat 1 crossSect 1
tr2shell7 332 nodes 6 203 208 207 755 756 754 mat 1 crossSect 1
tr2shell7 333 nodes 6 203 204 208 740 757 755 mat 1 crossSect 1
tr2shell7 334 nodes 6 204 209 208 758 759 757 mat 1 crossSect 1
tr2shell7 335 nodes 6 204 73 209 743 760 758 mat 1 crossSect 1
tr2shell7 336 nodes 6 73 74 209 761 762 760 mat 1 crossSect 1
tr2shell7 337 nodes 6 81 205 80 747 763 764 mat 1 crossSect 1
tr2shell7 338 nodes 6 205 210 80 765 766 763 mat 1 crossSect 1
tr2shell7 339 nodes 6 205 206 210 750 767 765 mat 1 crossSect 1
tr2shell7 340 nodes 6 206 211 210 768 769 767 mat 1 crossSect 1
tr2shell7 341 nodes 6 206 207 211 753 770 768 mat 1 crossSect 1
tr2shell7 342 nodes 6 207 212 211 771 772 770 mat 1 crossSect 1
tr2shell7 343 nodes 6 207 208 212 756 773 771 mat 1 crossSect 1
tr2shell7 344 nodes 6 208 213 212 774 775 773 mat 1 crossSect 1
tr2shell7 345 nodes 6 208 209 213 759 776 774 mat 1 crossSect 1
tr2shell7 346 nodes 6 209 214 213 777 778 776 mat 1 crossSect 1
tr2shell7 347 nodes 6 209 74 214 762 779 777 mat 1 crossSect 1
tr2shell7 348 nodes 6 74 75 214 780 781 779 mat 1 crossSect 1
tr2shell7 349 nodes 6 80 210 79 766 782 783 mat 1 crossSect 1
tr2shell7 350 nodes 6 210 215 79 784 785 782 mat 1 crossSect 1
tr2shell7 351 nodes 6 210 211 215 769 786 784 mat 1 crossSect 1
tr2shell7 352 nodes 6 211 216 215 787 788 786 mat 1 crossSect 1
tr2shell7 353 nodes 6 211 212 216 772 789 787 mat 1 crossSect 1
tr2shell7 354 nodes 6 212 217 216 790 791 789 mat 1 crossSect 1
tr2shell7 355 nodes 6 212 213 217 775 792 790 mat 1 crossSect 1
tr2shell7 356 nodes 6 213 218 217 793 794 792 mat 1 crossSect 1
tr2shell7 357 nodes 6 213 214 218 778 795 793 mat 1 crossSect 1
tr2shell7 358 nodes 6 214 219 218 796 797 795 mat 1 crossSect 1
tr2shell7 359 nodes 6 214 75 219 781 798 796 mat 1 crossSect 1
tr2shell7 360 nodes 6 75 76 219 799 800 798 mat 1 crossSect 1
tr2shell7 361 nodes 6 79 215 78 785 801 802 mat 1 crossSect 1
tr2shell7 362 nodes 6 215 220 78 803 804 801 mat 1 crossSect 1
tr2shell7 363 nodes 6 215 216 220 788 805 803 mat 1 crossSect 1
tr2shell7 364 nodes 6 216 221 220 806 807 805 mat 1 crossSect 1
tr2shell7 365 nodes 6 216 217 221 791 808 806 mat 1 crossSect 1
tr2shell7 366 nodes 6 217 222 221 809 810 808 mat 1 crossSect 1
tr2shell7 367 nodes 6 217 218 222 794 811 809 mat 1 crossSect 1
tr2shell7 368 nodes 6 218 223 222 812 813 811 mat 1 crossSect 1
tr2shell7 369 nodes 6 218 219 223 797 814 812 mat 1 crossSect 1
tr2shell7 370 nodes 6 219 224 223 815 816 814 mat 1 crossSect 1
tr2shell7 371 nodes 6 219 76 224 800 817 815 mat 1 crossSect 1
tr2shell7 372 nodes 6 76 77 224 818 819 817 mat 1 crossSect 1
tr2shell7 373 nodes 6 78 220 7 804 820 821 mat 1 crossSect 1
tr2shell7 374 nodes 6 220 59 7 822 686 820 mat 1 crossSect 1
tr2shell7 375 nodes 6 220 221 59 807 823 822 mat 1 crossSect 1
tr2shell7 376 nodes 6 221 60 59 824 683 823 mat 1 crossSect 1
tr2shell7 377 nodes 6 221 222 60 810 825 824 mat 1 crossSect 1
tr2shell7 378 nodes 6 222 61 60 826 680 825 mat 1 crossSect 1
tr2shell7 379 nodes 6 222 223 61 813 827 826 mat 1 crossSect 1
tr2shell7 380 nodes 6 223 62 61 828 677 827 mat 1 crossSect 1
tr2shell7 381 nodes 6 223 224 62 816 829 828 mat 1 crossSect 1
tr2shell7 382 nodes 6 224 63 62 830 674 829 mat 1 crossSect 1
tr2shell7 383 nodes 6 224 77 63 819 831 830 mat 1 crossSect 1
tr2shell7 384 nodes 6 77 8 63 832 671 831 mat 1 crossSect 1
layeredCS 1 nlayers 1 layermaterials 1 1 thicks 1 0.04 nintegrationpoints 4
IsoLE 1 d 1. E 6.825e7. n 0.3 tAlpha 1.
BoundaryCondition 1 loadTimeFunction 1 prescribedvalue 0.0 dofs 6 1 2 3 4 5 6
NodalLoad 2 loadTimeFunction 1 Components 7 0. 0. -200. 0. 0. 0. 0.0
NodalLoad 3 loadTimeFunction 1 Components 7 0. 0. 200. 0. 0. 0. 0.0
NodalLoad 4 loadTimeFunction 1 Components 7 -200. 0. 0. 0. 0. 0. 0.0
NodalLoad 5 loadTimeFunction 1 Components 7 200. 0. 0. 0. 0. 0. 0.0
PiecewiseLinFunction 1 npoints 2 t 2 0 1 f(t) 2 0 1.0
# X0Y0Z-1
Set 1 nodes 1 2
# X0Y0Z1
Set 2 nodes 1 5
# X1Y0Z0
Set 3 nodes 1 8
# X-1Y0Z0
Set 4 nodes 1 3
# X-1Y1Z0
Set 5 nodes 1 4
# X0Y1Z-1
Set 6 nodes 1 1
# X0Y1Z1
Set 7 nodes 1 6
# X1Y1Z0
Set 8 nodes 1 7